94
62 3 54 98 31 58 99 45 50 78 50 85 64 83 7 10 79 33 83 7 45 17 80 99 17 59 15 17 73 50 61 35 54 7 25 59 10 46 80 99 0 81 23 96 95 63 10 82 20 42 87 85 62 54 93 56 8 11 58 75 70 33 80 96 70 15 63 92 66 61 89 47 6 87 24 94 55 99 10 4 3 46 95 45 41 60 23 83 74 75 19 27 98 7 
57 72 81 80 80 11 65 27 25 24 9 10 85 96 44 76 61 8 88 9 61 58 47 16 46 7 26 15 21 61 34 43 88 86 84 62 15 2 5 93 17 23 24 71 22 91 59 61 89 28 33 31 55 47 6 5 99 10 5 23 89 21 8 86 5 68 50 9 57 4 13 63 20 87 24 79 42 50 78 82 37 34 93 20 26 54 67 8 89 17 71 66 59 80 
1 19 25 87 20 28 46 25 21 88 82 49 4 68 11 1 98 60 18 34 82 8 30 19 18 88 20 19 83 90 58 80 70 43 91 26 89 9 38 33 68 36 7 49 21 99 27 12 36 26 7 14 77 6 82 24 12 1 8 25 77 53 80 59 85 72 28 91 10 55 96 77 80 15 36 70 18 60 58 83 26 65 76 84 21 96 32 98 11 40 30 55 79 25 
11 68 92 29 46 55 18 49 9 67 20 70 79 41 24 35 18 43 42 8 5 60 46 60 42 58 56 96 97 88 10 4 48 95 1 11 55 41 38 1 89 17 24 89 75 58 94 19 41 10 58 79 10 27 94 0 53 75 80 66 1 77 40 3 87 84 30 60 71 47 45 1 12 30 60 43 85 73 61 98 8 58 36 3 32 53 58 46 8 97 97 17 19 62 
33 22 83 91 33 92 24 38 32 74 18 30 64 68 19 45 89 23 95 42 54 63 98 54 85 99 49 8 13 5 62 83 76 1 41 45 96 98 92 9 63 40 70 77 0 88 52 78 37 69 14 86 14 28 89 17 40 71 74 72 26 59 26 59 66 48 33 0 49 82 14 49 81 63 77 79 0 33 24 2 61 13 44 74 27 53 84 51 18 98 32 69 26 35 
75 22 66 27 79 50 98 97 10 70 71 67 99 77 80 92 19 43 6 60 99 99 88 46 59 16 92 68 19 80 75 71 98 98 37 22 15 54 90 94 73 51 52 88 88 57 88 71 34 97 4 36 33 83 39 68 62 71 97 97 94 43 71 57 82 53 23 24 84 96 25 22 82 37 0 38 15 41 8 17 36 86 74 26 74 92 51 90 53 53 95 93 35 20 
24 81 3 83 59 67 95 72 62 64 9 64 80 64 14 12 28 71 38 12 45 34 24 57 0 49 45 69 78 59 76 38 40 70 9 86 61 25 72 75 91 0 87 23 12 12 19 42 44 24 26 3 48 88 1 30 65 48 29 84 71 33 54 30 78 40 97 91 6 24 59 19 55 15 14 11 59 28 86 35 17 88 70 9 60 60 19 63 80 47 66 2 42 17 
97 10 53 92 38 57 53 34 64 38 70 24 44 80 42 46 33 12 53 12 54 24 56 77 7 20 96 67 14 51 78 84 92 95 39 77 5 14 68 16 74 43 0 63 85 89 64 72 18 51 1 11 56 72 49 33 64 94 33 31 19 78 27 59 72 54 39 95 88 7 20 54 46 98 5 85 99 99 26 79 55 86 33 30 58 26 22 35 61 75 75 60 81 64 
90 28 61 18 13 23 13 20 99 4 24 43 64 6 60 94 8 95 50 40 6 52 91 66 68 38 1 81 86 1 54 84 39 56 7 3 41 16 8 16 97 46 24 7 63 36 63 33 72 0 23 33 34 90 59 84 74 19 69 3 18 31 60 63 21 79 22 49 10 95 11 80 1 80 57 56 1 46 81 65 41 66 20 89 66 39 3 91 33 11 57 97 87 80 
22 77 9 37 85 36 74 59 84 16 68 74 16 20 30 13 80 2 5 1 91 20 7 91 6 96 33 44 32 3 5 67 44 73 26 1 33 84 64 81 62 51 97 43 89 26 98 7 94 95 40 97 61 99 87 79 12 7 77 47 56 98 24 85 47 65 69 77 46 62 16 24 9 50 45 41 64 18 78 16 39 93 71 73 26 12 4 66 58 47 37 56 59 84 
76 77 14 90 1 68 80 17 22 52 22 72 31 22 77 28 8 42 93 43 74 31 86 69 36 80 10 33 78 75 94 11 37 60 61 23 47 1 91 53 82 50 16 6 84 24 19 40 97 56 66 63 0 37 52 17 97 34 14 36 76 47 41 30 83 60 73 18 14 61 94 6 84 37 83 32 79 73 95 67 25 63 93 70 21 92 97 8 37 88 6 89 98 34 
75 89 23 20 41 67 7 1 90 40 84 57 19 14 33 62 73 31 80 69 11 35 91 65 73 15 58 64 68 44 80 7 53 92 63 81 45 16 69 3 7 11 14 95 21 31 65 27 41 6 95 78 94 76 55 2 68 56 87 81 22 13 24 77 60 75 16 46 13 39 69 12 13 36 43 71 68 32 76 80 62 39 80 25 8 38 99 76 46 17 7 8 55 47 
75 10 57 31 70 52 90 72 23 76 43 37 57 16 9 24 2 21 82 18 8 46 93 65 51 95 62 24 16 31 20 83 36 20 19 95 22 70 26 45 38 55 58 0 9 82 78 84 14 53 79 51 27 74 7 40 90 47 69 27 5 38 88 4 52 96 56 86 62 84 28 32 18 89 6 88 23 21 41 68 76 2 77 75 86 88 48 0 85 64 91 33 1 23 
19 63 82 14 66 78 19 39 29 17 32 86 11 33 67 54 49 27 17 99 98 16 99 32 39 88 55 73 91 31 26 5 81 92 47 26 39 94 18 50 71 78 32 13 37 36 90 97 23 79 21 51 20 60 56 71 93 45 61 8 19 35 79 1 91 50 10 84 87 39 25 14 9 93 93 16 3 27 70 56 65 93 91 68 25 42 23 96 24 35 99 59 29 22 
44 45 3 26 85 96 68 27 94 6 71 38 71 81 86 4 44 58 25 60 24 60 18 58 2 92 66 57 48 44 38 21 89 97 20 32 72 66 92 20 63 82 2 87 96 85 82 21 65 88 7 46 55 60 78 56 19 62 78 52 12 53 78 63 18 75 91 19 84 61 76 85 66 79 93 6 5 41 87 56 19 0 85 79 20 68 64 32 72 79 85 84 72 79 
97 68 71 62 6 24 85 71 72 85 5 60 12 47 73 59 52 36 16 2 57 1 85 0 19 75 19 61 82 73 52 10 22 0 92 15 12 23 78 30 44 66 18 14 71 7 45 80 54 18 70 17 94 26 36 76 92 87 6 11 25 46 35 54 46 23 73 16 9 4 51 0 75 12 24 92 31 58 56 20 29 56 39 37 97 99 5 16 27 86 0 2 58 91 
81 3 29 46 74 57 53 10 33 7 71 89 98 94 7 52 79 63 89 72 69 46 32 63 41 8 28 19 60 41 54 46 27 89 7 83 79 61 21 53 48 80 42 39 98 73 47 12 21 97 94 32 62 26 89 95 15 91 74 46 16 29 84 69 17 12 63 64 60 20 24 95 15 11 25 72 91 0 72 27 92 25 99 58 61 78 11 11 80 83 66 55 15 36 
36 89 26 95 86 96 41 47 91 38 27 8 99 90 96 20 37 96 12 33 21 89 81 4 91 22 63 30 92 35 5 45 82 65 63 64 64 23 74 37 56 94 67 59 85 92 91 60 2 69 74 27 72 13 88 79 0 17 1 26 36 84 25 37 47 14 79 1 5 54 35 6 21 68 79 60 28 6 59 32 83 87 6 81 16 11 45 36 74 3 82 69 81 80 
61 51 46 76 15 36 93 15 24 91 90 16 1 43 74 33 60 93 41 33 11 41 32 73 71 58 41 18 1 56 25 18 44 8 51 26 70 43 59 91 62 67 9 2 51 59 79 27 50 26 67 61 5 4 66 21 84 57 98 28 94 27 82 86 98 79 83 21 81 79 24 35 27 75 36 97 61 34 21 70 17 68 13 44 25 14 32 45 11 34 40 45 82 58 
1 96 67 28 41 20 47 4 16 50 24 34 82 30 36 58 18 8 65 22 47 9 43 44 99 27 24 69 15 46 81 93 69 37 7 60 97 21 53 50 71 68 22 49 51 69 31 5 19 51 18 33 26 37 86 83 30 43 31 72 16 95 82 68 20 15 62 74 36 86 98 45 37 85 67 46 56 53 27 37 60 30 16 51 73 84 87 46 11 55 35 1 21 24 
2 91 0 44 44 91 52 63 7 45 61 42 28 76 28 15 75 95 69 2 39 99 37 34 69 28 20 68 10 68 20 16 48 53 22 71 93 74 99 46 8 58 20 65 22 29 95 50 72 59 45 33 63 30 0 30 73 49 50 95 79 48 21 56 41 0 30 72 57 71 45 92 48 19 22 52 95 61 22 72 70 9 97 25 8 91 68 12 54 36 69 82 18 13 
54 12 84 30 55 11 88 19 20 84 11 22 90 66 17 64 95 70 56 93 97 56 58 31 68 6 41 91 72 15 75 44 21 51 6 48 87 28 10 97 86 56 82 45 38 26 14 7 88 51 75 59 41 32 73 56 53 54 57 48 32 17 46 16 57 90 18 71 16 44 67 98 42 77 69 90 8 19 56 37 21 81 74 90 72 44 73 85 46 49 39 24 93 45 
68 22 15 64 45 5 11 93 72 17 97 67 99 99 13 26 54 75 80 69 29 88 32 33 67 43 23 82 90 0 63 57 31 21 18 46 63 91 27 69 99 30 77 89 53 57 41 0 47 24 11 86 49 88 99 17 9 73 36 10 75 42 30 46 40 21 42 64 71 85 10 95 73 10 16 36 54 52 51 98 53 69 5 46 10 41 10 73 36 80 82 97 38 27 
1 85 63 71 67 94 57 83 62 67 55 20 9 15 43 36 1 55 7 57 3 98 27 56 88 90 93 15 96 98 62 71 66 85 76 66 6 87 54 36 60 17 67 9 69 47 75 81 49 83 20 24 52 57 93 97 79 7 86 82 66 90 27 93 59 34 27 47 30 15 53 26 8 98 78 72 79 16 87 91 92 94 18 87 92 77 11 33 61 84 76 74 56 97 
86 71 68 72 69 57 59 24 28 68 50 88 65 58 7 62 86 77 37 56 56 17 19 11 42 42 99 13 92 10 95 34 35 24 83 15 48 52 85 20 88 57 93 21 78 66 69 40 73 93 58 61 58 83 42 82 46 41 85 10 44 75 82 74 21 55 42 60 61 65 45 4 95 43 54 28 67 60 98 35 79 85 13 54 32 16 67 71 94 53 18 36 58 96 
61 92 85 50 70 89 89 79 90 15 93 92 41 17 66 48 61 10 21 27 19 97 73 20 25 34 14 92 15 5 96 37 9 78 86 59 59 8 62 99 4 10 61 1 46 52 73 8 86 34 55 1 0 44 27 80 25 62 19 53 77 79 60 23 41 30 20 67 97 20 82 72 76 45 80 70 24 25 74 37 42 99 68 64 47 26 93 47 97 44 4 47 13 45 
28 13 25 20 73 95 40 5 19 78 97 91 21 27 49 89 51 9 63 28 32 64 50 75 43 34 68 68 38 28 34 71 26 84 73 89 42 9 67 23 54 62 83 37 93 60 31 6 66 31 39 74 40 57 15 8 81 44 22 53 77 78 63 53 85 51 42 49 34 42 55 63 16 75 78 31 19 81 75 78 1 84 98 37 60 39 47 63 11 34 47 4 4 95 
87 88 60 86 95 36 47 81 64 87 84 10 99 16 64 82 0 92 35 43 54 44 67 42 50 90 9 26 12 77 8 5 7 42 73 46 44 61 33 68 93 57 17 10 49 5 3 50 56 44 15 81 41 44 97 86 63 83 31 23 88 55 40 53 15 37 43 78 38 5 77 58 20 8 41 67 52 22 29 23 25 22 87 81 19 49 76 83 67 84 46 30 84 71 
36 91 6 40 85 47 88 83 10 7 79 0 38 22 9 78 58 19 48 75 62 39 22 66 57 68 94 20 52 17 98 61 98 19 90 59 73 88 38 73 61 94 47 81 74 34 30 94 69 96 88 33 16 8 60 60 74 67 92 56 54 24 72 16 71 48 33 62 90 73 72 80 54 96 59 59 64 36 77 70 46 24 43 78 65 23 76 51 59 90 45 38 88 98 
98 29 34 8 36 37 12 67 67 75 76 90 81 55 32 11 54 25 2 80 59 53 8 4 18 6 84 34 60 8 2 35 58 40 28 14 54 17 27 37 22 52 43 38 59 47 45 56 75 32 5 8 97 22 79 72 31 14 91 83 38 48 33 56 46 56 72 93 57 20 83 4 57 8 48 81 86 5 13 66 14 67 42 48 5 73 89 99 50 47 35 22 79 0 
87 28 65 86 0 75 67 92 24 99 73 10 47 51 90 72 99 13 15 1 69 4 19 75 74 8 95 60 46 25 23 15 33 19 87 54 16 66 93 60 50 55 65 23 19 84 27 16 31 26 24 7 72 92 46 22 66 47 18 22 24 32 2 73 24 62 57 15 65 67 47 40 21 14 33 15 37 12 72 49 65 32 11 32 92 55 20 24 45 0 68 1 58 89 
7 99 90 29 70 2 38 11 57 64 85 19 69 46 48 55 94 16 17 7 31 2 75 59 15 4 39 44 68 4 3 15 51 27 33 38 54 82 52 84 2 49 54 7 46 15 13 88 81 79 95 56 0 42 37 35 23 30 24 63 62 48 8 50 94 75 7 19 62 96 63 43 7 45 80 97 99 98 59 13 53 44 19 83 47 71 37 18 14 2 21 88 43 17 
37 85 75 18 66 88 68 36 58 43 4 30 11 42 80 57 43 44 81 30 33 82 23 15 32 33 2 72 16 35 94 58 93 97 92 64 8 92 39 26 81 18 37 11 35 96 25 50 28 67 43 65 93 51 72 63 42 69 16 41 70 52 31 16 33 91 51 77 19 39 88 1 85 75 17 36 40 74 55 62 15 52 57 45 67 10 14 6 29 52 60 95 23 44 
58 94 48 77 17 65 73 62 24 6 58 89 50 81 39 9 5 8 43 28 52 51 3 62 62 82 4 19 42 64 43 31 12 81 18 16 14 69 24 80 28 60 95 10 6 18 30 56 63 57 45 79 23 97 49 67 11 92 89 22 30 55 67 88 12 9 93 20 37 75 71 50 60 12 81 80 78 8 46 48 90 41 21 49 44 25 53 66 34 59 4 89 79 80 
49 35 78 26 94 65 32 85 45 11 10 70 67 93 81 57 88 96 29 19 10 66 17 74 15 66 25 93 18 19 94 51 42 49 27 71 88 63 1 34 24 67 24 50 74 83 37 19 74 44 8 48 92 14 59 16 64 20 38 63 71 46 99 1 75 65 6 13 92 34 5 94 87 67 25 51 21 51 88 13 97 1 36 36 28 41 50 3 82 11 20 40 66 9 
57 56 94 7 83 63 45 10 39 17 18 22 57 22 89 57 67 99 2 6 39 62 42 10 5 31 66 3 52 9 7 95 90 66 69 76 46 30 52 74 81 91 72 9 33 86 9 73 34 70 83 56 31 79 21 79 14 16 37 33 12 30 48 29 88 10 22 87 56 58 8 64 89 77 83 83 27 0 90 35 16 28 98 54 80 87 74 30 43 87 13 8 26 22 
50 88 44 16 35 81 84 99 47 54 16 78 78 60 14 96 12 11 83 59 77 40 16 81 12 29 65 99 11 65 18 74 67 74 61 76 14 37 34 80 97 69 66 33 41 13 23 85 62 12 49 73 46 91 85 74 19 30 3 52 48 75 50 38 3 28 29 86 93 48 86 57 43 22 70 40 80 81 88 96 96 32 27 88 11 90 26 93 13 10 51 78 10 6 
28 62 9 94 38 15 78 9 29 96 65 71 58 55 51 5 36 5 27 73 60 55 90 70 60 96 31 1 91 1 91 51 27 37 42 68 49 97 3 8 98 99 2 9 44 60 18 24 91 55 47 93 50 39 18 30 1 80 64 7 16 49 89 25 44 91 89 50 22 22 14 46 70 67 98 32 17 28 85 86 90 83 27 2 59 22 90 86 83 36 22 56 34 39 
26 17 13 10 15 32 77 33 53 90 67 43 54 19 40 52 64 36 59 29 99 21 16 6 92 67 90 6 77 44 65 30 16 94 12 68 20 45 17 14 51 60 43 4 18 12 95 3 55 93 40 80 17 42 1 29 95 16 64 91 66 23 52 30 69 9 64 81 19 39 3 61 44 61 53 78 89 42 44 9 18 42 45 85 90 5 69 85 14 42 87 55 48 56 
32 79 84 64 38 47 88 52 15 39 7 36 50 4 56 64 0 86 57 86 41 80 16 74 10 1 67 0 2 37 28 1 41 89 32 70 1 96 28 50 37 22 62 74 45 23 46 84 43 66 45 66 75 28 19 65 94 37 41 2 74 90 94 32 23 60 31 80 53 8 94 27 65 0 52 74 78 71 64 40 49 73 16 1 98 46 34 2 22 26 80 37 53 53 
49 94 65 44 56 53 82 16 95 24 86 76 41 33 29 87 81 97 81 68 91 43 31 30 70 56 86 38 56 28 25 95 29 16 61 90 86 34 45 84 7 41 49 42 33 78 87 80 78 12 68 18 18 49 24 51 43 9 37 43 25 0 81 72 19 32 65 49 7 41 53 28 9 78 82 30 56 21 82 62 82 35 70 58 10 14 92 86 51 11 88 83 23 28 
70 19 75 75 53 85 22 1 54 51 78 39 69 85 22 71 53 32 50 91 59 67 81 34 79 98 25 16 95 16 78 9 95 70 12 25 67 70 87 31 77 22 9 72 73 53 59 47 29 51 62 16 6 70 92 18 82 37 47 90 90 1 26 94 36 90 15 78 9 20 62 6 32 29 59 48 3 96 59 66 72 78 92 89 73 76 96 81 72 73 25 66 89 51 
35 67 57 90 87 69 77 24 3 27 13 67 83 49 91 73 98 31 1 35 3 40 6 46 71 0 93 78 20 24 39 40 93 17 27 68 29 80 89 60 10 4 52 5 62 89 13 48 76 42 40 12 69 64 2 18 35 30 98 97 24 4 21 82 48 11 21 17 72 74 13 94 95 44 91 74 95 90 13 17 85 40 14 41 62 36 4 42 78 92 13 62 48 98 
11 51 56 69 87 8 73 34 87 93 46 21 52 7 95 34 74 8 77 48 81 55 76 86 38 13 22 33 9 1 64 34 53 69 93 24 58 14 67 37 21 41 35 35 43 40 61 34 45 46 32 95 56 14 52 4 62 91 17 85 15 93 49 27 51 3 59 99 60 27 91 52 8 82 14 90 70 1 78 83 62 41 67 12 92 90 12 27 25 16 53 73 68 3 
91 31 20 69 23 7 7 34 96 49 28 80 39 11 3 33 9 51 21 59 44 27 99 70 24 83 83 17 5 92 5 86 89 4 9 44 31 79 87 88 63 77 85 80 50 78 9 89 31 35 53 99 16 49 48 19 79 96 3 80 96 3 14 55 68 68 10 90 16 12 38 25 76 48 46 93 31 49 76 72 20 38 55 97 83 70 47 96 62 74 6 23 12 45 
1 10 91 53 66 81 78 85 70 96 50 86 68 2 3 59 45 31 7 62 47 57 22 12 84 55 20 5 37 9 96 18 20 55 83 56 15 0 58 2 22 18 45 95 39 65 76 89 15 74 64 78 17 92 87 73 28 21 42 21 1 86 79 23 50 57 55 57 3 75 82 12 11 63 62 82 75 61 19 93 22 21 88 97 29 92 36 77 18 21 55 30 21 46 
35 27 91 52 84 44 67 2 52 98 76 54 69 53 4 15 32 59 94 71 71 45 10 75 7 91 75 93 12 75 72 74 95 39 24 98 1 37 75 45 58 33 1 16 25 67 1 25 52 93 80 76 16 20 65 80 53 55 1 18 92 38 97 12 19 58 7 1 27 32 26 73 86 68 50 1 35 95 67 25 1 2 31 22 44 48 66 63 51 10 34 75 24 41 
77 10 67 32 23 10 70 41 74 84 90 91 19 96 86 14 46 26 20 23 83 51 2 83 61 44 23 59 22 37 36 93 84 3 67 38 33 36 21 48 93 8 20 3 49 6 31 45 82 27 50 22 33 8 94 10 62 39 95 6 71 52 27 63 73 7 39 31 91 32 72 60 32 92 10 23 59 94 93 14 46 83 89 31 16 88 30 77 60 93 6 44 83 59 
21 57 10 62 67 44 36 42 56 87 10 32 70 68 50 30 73 18 64 75 51 96 28 28 39 32 20 60 55 12 5 47 31 56 57 24 35 28 48 69 77 47 45 16 98 93 9 16 78 69 34 88 54 84 33 68 4 63 34 86 8 99 29 96 53 52 23 62 43 91 28 66 26 17 63 24 24 18 44 40 49 39 48 99 12 36 0 55 11 57 13 18 24 36 
96 54 34 13 67 14 95 10 22 33 95 98 9 53 99 76 31 99 13 72 92 70 0 74 92 26 64 32 59 88 14 8 49 4 15 46 3 34 79 60 60 53 25 84 47 62 3 70 74 53 79 55 56 91 5 26 97 13 72 95 94 68 60 14 96 74 47 57 17 53 55 10 10 15 24 96 73 75 95 21 34 50 70 70 77 41 53 79 68 31 58 57 83 83 
53 62 74 14 74 5 38 79 27 75 83 91 7 98 94 52 45 32 14 65 35 79 83 56 18 13 35 61 11 75 14 67 9 97 13 82 2 25 22 72 47 11 46 52 7 65 35 97 96 19 83 87 2 12 66 29 22 77 12 35 91 66 70 78 0 6 7 6 28 82 73 37 92 39 62 19 47 11 28 6 4 19 79 7 18 75 30 54 96 66 31 40 73 88 
77 79 61 78 92 88 55 97 50 56 60 27 20 72 20 55 37 83 33 75 24 50 23 5 94 13 80 4 98 9 21 34 97 2 10 75 58 78 72 0 98 3 64 45 78 42 25 80 41 13 99 44 62 60 58 78 23 37 85 92 83 85 28 60 39 79 50 16 47 16 14 56 73 57 64 31 79 46 47 8 77 43 82 13 39 29 67 74 25 78 13 41 6 34 
26 74 18 43 17 11 26 84 35 25 79 82 37 37 7 19 66 73 45 21 86 11 89 88 21 9 19 12 43 28 77 1 98 88 44 44 39 72 24 55 19 39 51 2 97 10 23 95 84 12 77 99 23 21 91 33 45 91 23 75 39 36 78 5 33 5 43 8 24 71 24 80 7 14 71 81 14 86 42 7 0 97 21 33 85 87 29 14 70 68 99 3 5 70 
96 92 74 67 36 34 40 13 6 57 43 25 1 48 54 10 80 22 48 4 32 16 92 74 92 53 73 64 88 45 33 65 43 95 54 20 27 46 71 22 38 47 58 70 69 33 94 93 58 66 76 41 35 78 84 61 15 43 9 10 98 92 23 93 48 58 76 58 23 44 25 81 88 62 52 7 9 10 15 28 22 96 53 96 38 1 29 60 94 11 67 96 12 8 
15 87 2 40 37 75 66 80 75 86 65 49 42 10 12 22 64 82 55 24 99 73 69 80 87 48 30 6 74 36 76 45 49 62 53 14 52 48 66 66 67 61 80 17 80 5 77 85 4 35 70 57 1 52 72 3 30 80 66 28 31 95 36 11 57 87 5 75 94 82 72 95 2 40 10 37 41 41 33 24 97 68 96 72 64 52 62 86 31 69 10 56 33 82 
69 98 7 69 43 4 11 79 15 78 84 32 49 87 6 71 99 17 85 76 86 80 23 87 48 73 36 46 10 19 29 3 18 95 35 36 30 41 57 76 77 63 90 95 87 80 38 69 9 6 26 39 72 46 15 59 66 81 74 88 3 89 15 31 89 40 6 25 79 98 43 48 28 18 6 60 28 43 9 68 97 81 99 26 44 94 95 74 24 12 5 58 75 85 
10 38 36 67 74 23 88 54 39 37 53 43 97 28 54 2 33 35 32 0 75 45 76 47 68 90 61 32 38 0 93 68 34 35 0 31 72 18 15 25 25 50 36 42 84 18 59 42 79 4 14 34 36 75 63 78 13 60 70 44 83 19 90 62 96 92 77 40 64 91 3 73 75 22 85 80 41 26 78 26 58 50 23 31 93 4 29 95 83 92 83 28 58 10 
84 70 92 0 86 63 99 82 49 40 78 55 19 96 81 9 20 56 36 32 26 24 6 96 87 62 81 54 64 85 45 94 50 57 29 10 96 82 87 86 71 59 32 19 51 46 85 46 47 89 57 16 41 95 19 64 43 26 16 46 73 1 10 94 4 27 80 32 16 43 49 27 67 5 33 84 13 74 75 10 29 8 14 16 10 54 19 60 48 83 3 19 33 2 
83 58 27 27 40 48 56 76 10 69 97 15 52 4 41 40 45 36 17 67 66 26 66 84 32 87 15 79 67 27 69 86 38 87 66 98 98 91 68 87 28 37 11 9 18 44 6 28 61 21 12 87 62 4 80 33 89 29 30 68 56 37 61 47 41 60 89 19 69 30 94 3 73 47 83 10 78 60 1 23 97 64 41 15 38 15 37 77 62 34 56 3 53 4 
37 76 94 42 80 0 90 75 36 85 19 26 92 79 61 0 19 59 72 81 28 8 5 11 90 56 47 91 45 23 2 61 68 50 59 12 72 87 64 43 91 19 72 54 95 52 66 76 77 90 17 21 93 58 39 80 52 91 96 80 26 81 84 89 39 99 54 74 60 40 36 89 23 2 74 0 94 32 82 19 74 31 66 47 9 0 62 78 26 24 57 40 77 77 
87 74 50 69 98 25 80 56 13 55 19 63 67 11 15 88 92 31 92 18 10 75 23 11 87 68 91 5 11 63 32 10 58 97 81 2 27 4 5 75 60 60 65 29 25 55 13 4 29 23 57 99 77 78 11 43 36 72 46 17 8 26 83 53 30 58 12 16 52 68 90 65 80 92 75 20 42 77 97 51 33 66 51 79 22 96 9 99 45 57 80 76 17 28 
89 94 22 73 14 2 43 32 67 73 50 74 14 60 53 52 78 82 11 13 10 4 63 47 30 32 13 26 57 18 58 9 9 92 91 18 92 76 47 84 64 56 14 27 14 93 81 37 84 29 55 45 52 4 51 29 85 98 17 20 0 96 63 62 34 56 80 36 54 43 92 85 30 37 39 68 78 16 16 91 63 51 82 80 59 14 42 94 74 32 60 12 55 72 
4 38 73 37 90 49 28 9 26 22 36 33 41 91 95 40 13 83 88 45 24 3 68 66 24 57 62 27 23 96 24 72 58 98 20 49 32 76 57 24 33 44 86 56 2 1 25 44 8 19 98 7 64 26 95 96 69 10 16 75 65 49 44 39 43 37 2 42 3 64 47 50 33 26 96 90 71 74 56 74 53 14 93 48 6 41 32 33 97 46 88 71 23 15 
39 73 88 32 11 52 10 70 72 33 14 49 91 46 58 10 64 69 99 17 42 29 56 36 70 95 28 80 27 88 61 66 52 14 18 46 36 24 98 99 8 80 64 48 58 85 55 69 72 86 72 51 51 69 59 82 39 20 42 65 95 46 10 94 20 26 23 51 92 50 39 57 73 48 51 47 26 22 97 59 1 71 23 93 18 62 77 29 97 15 55 76 2 8 
26 18 16 74 9 32 91 58 12 5 69 99 23 55 61 46 61 47 55 54 32 65 7 33 62 95 8 12 79 33 76 87 14 40 81 85 10 76 38 3 5 75 2 95 20 87 69 25 54 71 62 49 95 38 80 69 57 50 34 23 46 25 91 98 94 39 82 10 0 15 99 42 11 35 6 74 18 67 18 22 69 77 50 90 8 65 27 92 71 40 61 40 96 99 
65 3 69 30 61 55 49 10 97 6 30 20 81 70 69 36 30 6 9 7 26 96 19 97 96 43 52 54 50 71 49 96 77 79 79 74 56 44 99 9 85 65 85 64 49 98 13 1 39 9 15 23 91 91 52 39 1 17 90 52 9 89 37 63 84 85 85 76 57 95 68 66 0 32 73 50 8 86 30 47 4 38 47 62 5 64 39 54 56 68 0 66 86 65 
61 72 36 67 7 54 36 1 78 52 27 66 45 45 27 95 69 21 53 34 51 36 36 1 57 82 84 97 88 64 4 99 15 88 3 82 4 81 83 7 16 84 58 17 25 19 66 7 60 0 79 77 14 25 71 28 56 16 85 19 22 90 1 55 84 67 0 38 17 13 36 44 13 80 75 58 87 2 41 12 20 59 65 46 86 41 47 80 73 11 36 64 95 24 
7 33 13 91 60 86 41 38 76 11 15 28 36 72 40 11 83 69 22 46 11 34 15 56 0 73 24 80 12 53 63 6 47 41 48 34 78 87 69 35 87 18 57 50 24 68 15 18 21 54 24 42 41 37 6 38 42 99 9 58 29 65 5 83 56 16 30 28 38 80 56 50 97 21 87 84 95 2 54 95 15 99 52 26 60 74 3 58 81 30 33 1 11 69 
93 85 96 33 96 92 56 18 15 46 53 14 0 18 58 85 21 2 21 96 84 91 47 42 37 62 4 91 78 18 67 57 89 42 13 76 8 18 73 9 30 18 85 79 70 91 31 39 85 39 91 6 69 92 90 65 81 88 28 96 17 20 8 32 38 19 48 81 84 71 44 80 91 23 87 34 72 84 1 33 97 46 64 39 64 69 62 98 6 26 13 7 11 64 
22 12 18 65 8 52 38 2 49 44 61 26 43 25 22 99 93 34 86 30 5 25 68 39 82 90 77 58 67 35 86 9 82 10 57 74 23 57 36 7 37 77 6 81 75 87 68 67 41 84 88 25 6 55 80 57 82 25 13 97 77 44 84 19 15 25 62 95 59 21 81 75 30 71 62 45 81 44 70 25 44 19 10 74 3 29 50 60 98 30 71 55 72 78 
99 79 49 19 90 76 37 70 64 61 95 81 10 98 38 73 36 59 94 5 16 68 55 15 0 75 63 82 74 56 32 86 9 0 40 8 40 5 45 74 39 46 89 95 38 64 14 56 74 5 8 24 99 84 39 5 40 54 84 48 51 84 33 46 56 3 49 82 21 45 91 72 12 45 85 19 61 27 29 3 76 78 12 56 27 94 7 52 9 30 61 49 65 63 
59 4 86 19 67 23 77 26 42 12 53 31 44 3 96 59 79 56 66 6 8 59 71 58 91 39 98 2 3 1 57 53 65 83 18 40 42 7 91 62 7 78 41 63 82 12 14 43 59 17 44 45 24 11 72 56 99 30 25 27 29 12 47 85 48 11 11 35 91 84 91 79 30 11 0 33 89 25 60 45 6 13 87 53 87 4 21 96 42 61 57 4 59 93 
57 93 88 48 67 40 76 24 38 71 35 73 46 62 27 31 65 35 84 69 93 19 4 68 35 50 61 16 50 21 45 93 78 31 49 46 13 93 55 27 75 28 6 82 10 69 91 42 54 75 76 87 39 29 62 33 1 90 16 15 56 27 56 11 76 72 74 18 44 36 8 22 91 76 82 49 26 95 13 69 62 31 48 21 29 42 10 51 4 79 99 78 11 18 
35 76 16 13 13 10 34 53 29 41 10 84 52 14 97 27 86 65 34 12 2 9 55 71 30 8 39 27 45 26 11 16 54 64 45 88 8 12 94 79 96 72 83 12 88 73 71 1 69 17 85 98 95 9 46 99 5 9 47 92 72 94 71 47 70 23 51 58 56 63 32 98 61 54 67 92 37 11 0 58 74 15 56 13 59 24 32 91 99 37 39 56 18 82 
69 67 2 32 55 3 92 75 24 11 50 40 9 71 21 18 52 97 65 61 70 65 37 58 3 97 85 26 80 29 96 10 64 31 18 48 41 35 34 88 49 41 21 94 94 91 10 8 27 10 71 79 76 70 58 40 17 0 6 1 34 4 77 42 5 19 2 38 28 65 44 63 13 60 89 79 25 3 33 96 89 70 27 35 62 88 90 76 23 37 74 98 60 73 
51 23 70 48 63 31 69 47 79 66 39 53 82 52 2 94 58 38 34 13 41 14 47 10 33 44 18 51 38 72 54 32 96 47 48 45 40 63 47 72 26 55 19 0 69 72 35 6 89 14 66 58 58 87 79 90 75 39 64 31 64 72 21 77 57 28 27 10 89 13 91 83 47 21 49 51 49 9 18 25 49 60 46 61 17 40 87 26 51 81 15 99 15 73 
61 20 97 85 51 72 18 2 0 5 8 72 97 69 26 48 7 56 35 88 68 7 34 18 75 59 67 62 77 38 4 96 57 45 6 70 32 11 12 78 31 35 90 56 76 51 49 28 47 7 3 63 45 35 53 93 14 98 17 2 44 5 88 21 29 87 58 83 58 1 98 8 44 35 33 10 28 95 20 51 33 82 9 20 29 33 51 16 89 69 21 13 55 7 
0 88 71 68 62 60 30 28 96 21 6 70 69 76 30 24 89 70 10 29 56 23 32 10 35 16 31 93 9 4 37 29 52 12 68 74 98 6 78 40 75 1 13 20 53 28 70 3 4 24 26 56 33 36 43 1 97 68 25 90 15 2 72 50 38 54 91 50 26 55 31 92 70 63 30 85 95 13 64 31 83 38 68 23 64 67 84 55 90 81 30 12 72 7 
83 58 12 33 77 17 57 65 86 8 37 8 13 85 65 11 64 13 36 12 0 2 97 84 76 63 21 27 31 91 80 27 54 98 53 82 85 61 96 3 85 65 97 48 29 39 27 10 59 8 18 82 83 44 92 60 36 17 86 2 11 22 59 78 80 69 21 37 80 67 75 97 73 46 12 50 6 49 23 86 59 8 90 19 49 3 28 62 18 14 25 37 55 27 
72 32 39 0 33 89 5 79 74 48 27 84 28 67 21 90 91 71 73 6 18 63 41 21 86 2 20 81 15 33 10 28 4 22 34 38 83 11 22 40 29 94 25 94 17 35 74 29 52 54 78 73 84 80 48 95 98 24 60 99 71 85 93 63 39 34 77 59 6 39 39 80 39 41 5 68 5 93 40 55 50 30 16 26 80 36 13 14 88 36 72 95 57 2 
43 66 53 34 88 28 51 37 69 54 37 3 41 15 6 34 80 1 85 83 92 32 56 96 0 0 71 90 70 50 37 52 29 86 6 1 71 52 20 68 63 49 27 82 71 34 75 78 57 13 88 17 63 24 10 95 3 46 45 15 44 51 96 98 55 63 45 67 30 72 12 88 30 55 81 41 38 10 65 8 16 56 97 16 47 8 33 38 79 84 32 33 57 14 
97 81 0 53 67 5 89 95 19 15 26 54 46 49 33 30 22 5 24 50 66 4 50 7 94 9 3 25 81 86 32 28 9 17 89 56 24 65 64 77 10 51 86 80 80 16 2 70 76 36 26 55 72 90 59 50 75 3 85 67 7 49 3 24 18 9 17 88 52 77 39 35 27 36 75 67 13 63 60 71 11 23 13 31 26 1 33 87 50 65 53 61 92 42 
73 54 10 70 16 69 94 40 34 53 0 64 80 16 81 15 6 4 33 35 34 9 9 64 30 46 19 83 16 14 74 89 17 87 0 8 91 90 92 30 97 89 61 9 65 19 2 99 10 54 88 67 97 23 78 17 84 42 76 24 73 56 98 71 85 83 57 18 26 9 60 39 68 17 13 99 80 80 74 99 95 24 99 65 1 51 71 20 5 39 95 57 9 69 
8 34 40 36 48 45 4 64 55 47 23 61 35 12 18 7 50 71 77 18 11 10 58 87 20 43 84 34 31 86 48 94 47 32 98 65 21 1 78 25 4 6 91 64 14 85 90 99 98 19 76 93 22 53 5 97 51 11 68 18 52 86 77 12 52 16 15 55 48 97 91 54 93 25 54 10 3 9 41 58 94 72 24 29 10 28 38 30 58 29 3 11 51 10 
84 69 52 34 71 96 22 38 76 68 52 59 73 92 96 14 34 74 22 33 28 36 82 92 48 90 58 40 32 46 99 25 18 70 60 10 30 39 53 80 85 95 54 87 84 93 92 57 23 69 89 25 58 20 95 4 83 73 51 92 59 98 60 25 19 83 27 37 36 41 24 94 36 35 26 27 80 93 31 34 48 85 40 50 69 73 84 42 4 35 65 29 92 36 
95 92 46 11 32 37 5 1 92 49 88 24 46 3 7 97 2 12 74 95 15 59 1 46 57 35 63 32 95 27 23 11 62 62 56 8 82 56 5 32 47 49 87 98 80 13 55 65 24 32 84 68 25 77 34 39 70 90 39 72 46 75 4 4 23 4 64 25 18 25 56 61 28 45 29 57 29 66 54 67 81 14 43 18 92 34 81 57 36 60 37 95 6 31 
3 34 26 42 99 13 96 32 82 16 31 38 67 24 89 51 70 9 30 53 87 54 46 72 24 99 94 29 44 36 23 97 12 65 9 88 12 74 51 85 15 14 37 20 65 25 8 11 9 67 97 66 95 99 92 81 24 69 96 24 1 89 72 44 79 10 94 37 56 94 84 68 39 2 21 98 98 34 1 38 53 88 53 64 55 31 90 27 13 52 7 50 83 48 
15 64 96 8 17 66 82 74 72 9 22 17 95 13 10 21 85 0 84 68 83 92 37 81 35 61 75 68 73 55 87 42 62 41 59 35 56 74 55 22 49 21 12 10 67 84 59 88 0 77 12 32 80 86 58 41 68 55 58 55 8 50 45 12 62 19 80 32 33 50 83 62 71 59 10 14 38 48 70 16 50 58 55 43 85 98 28 18 29 34 19 7 36 89 
24 60 6 7 35 31 27 30 68 14 12 11 50 95 79 89 29 25 91 25 27 74 2 39 75 13 6 28 44 60 55 33 64 15 56 27 48 35 54 70 73 46 54 45 21 96 70 39 36 39 42 8 59 36 89 93 38 91 91 79 18 77 35 25 62 61 30 1 19 8 39 9 8 94 46 41 84 90 96 33 42 74 28 18 2 93 72 2 14 14 67 50 62 18 
87 3 58 13 77 28 37 14 89 68 17 2 4 83 29 15 87 48 48 50 9 11 50 22 86 96 14 31 4 1 14 84 4 75 15 37 49 0 80 14 56 62 69 81 47 84 49 91 73 15 49 22 33 83 42 62 55 80 7 30 88 72 79 30 13 38 65 4 57 62 17 56 8 12 28 93 69 11 73 13 78 83 70 4 19 79 86 54 20 57 85 39 15 23 
38 49 38 44 61 21 91 0 37 83 82 82 61 44 16 72 35 13 28 68 7 42 92 97 22 69 19 36 30 42 3 35 1 84 3 13 3 30 1 44 14 43 97 75 5 59 5 63 1 56 61 78 67 2 68 3 50 95 95 97 37 43 86 62 38 7 57 56 54 5 12 24 33 92 57 8 63 10 64 60 29 25 41 92 6 38 51 84 37 41 41 87 80 1 
17 62 3 31 62 94 43 83 51 10 23 19 7 9 52 42 36 55 85 44 14 54 61 27 33 76 57 50 83 23 47 54 92 6 66 27 65 11 49 89 88 97 10 48 30 45 31 33 78 93 39 74 86 82 88 1 97 71 49 43 36 17 79 68 63 26 74 88 99 30 33 33 1 26 88 82 94 45 85 56 18 96 37 15 40 86 38 76 48 97 13 19 8 16 
48 81 1 54 78 41 42 76 90 28 11 95 43 61 43 85 93 82 96 42 70 25 60 39 99 80 62 30 65 22 84 29 61 11 32 70 72 50 57 36 5 1 38 6 5 10 98 64 40 89 28 90 97 86 63 32 68 53 31 83 90 89 86 36 59 67 66 23 43 88 76 76 17 50 9 25 48 60 26 7 17 44 45 44 60 38 24 18 33 11 34 19 54 83 
36 52 13 21 15 44 2 18 19 50 67 22 66 42 26 95 43 6 33 98 5 76 34 80 23 33 49 46 93 90 58 33 82 82 95 85 5 20 71 21 19 14 23 41 11 60 94 92 42 28 36 25 90 71 39 68 69 16 61 5 98 68 50 6 23 14 83 91 10 97 81 76 15 93 88 34 89 47 75 78 61 66 9 91 8 55 90 83 0 60 40 86 29 37 
