73
82 77 64 15 95 31 63 56 42 4 53 75 19 58 60 46 84 34 7 43 95 79 26 75 15 12 54 74 99 3 64 15 98 86 76 75 74 53 64 32 96 6 47 88 92 43 32 77 2 31 14 64 40 44 45 1 80 76 72 10 62 73 58 58 99 95 69 70 37 38 45 76 0 
42 86 81 47 20 45 49 67 2 92 66 4 26 6 89 92 47 33 96 26 94 36 97 26 45 33 24 59 74 4 82 2 31 82 94 24 49 72 21 71 51 48 56 91 65 3 61 49 22 98 28 42 84 62 61 33 7 62 8 94 57 27 5 78 13 32 58 60 50 1 30 27 43 
23 7 15 97 70 84 58 65 21 94 39 16 39 61 37 89 39 91 38 51 59 41 5 20 19 90 82 58 52 65 29 97 52 11 5 70 60 70 51 18 73 29 36 82 69 93 99 52 69 49 92 28 96 58 25 49 59 17 44 35 17 27 27 53 15 56 56 35 8 87 3 72 11 
93 50 70 2 13 85 59 99 5 88 63 89 52 87 52 44 48 51 55 83 90 75 92 48 37 14 74 80 71 24 92 64 64 64 56 70 89 25 91 33 28 21 94 72 4 47 4 99 99 93 56 31 52 50 69 52 10 87 89 98 95 49 28 29 80 47 44 11 2 33 39 35 42 
56 99 99 68 34 53 95 81 50 84 37 84 93 49 10 89 84 22 91 66 98 76 73 90 82 66 67 70 35 11 78 62 28 36 71 14 74 7 60 87 49 52 89 86 62 75 50 0 4 11 95 76 27 18 45 25 42 41 3 63 97 32 68 49 22 31 55 37 97 83 51 81 75 
0 38 71 19 64 69 72 32 5 57 89 80 69 56 38 35 95 71 92 29 89 28 55 49 13 97 93 81 53 91 62 91 84 6 61 71 99 61 64 80 68 11 93 97 46 97 57 88 26 47 37 77 75 15 67 42 22 87 70 36 0 84 59 94 72 95 18 53 44 41 17 75 4 
83 56 70 7 3 61 93 84 82 18 39 81 27 6 56 66 98 69 32 28 58 96 27 80 42 33 55 4 22 15 93 53 78 74 55 40 75 75 11 15 10 32 74 87 99 71 84 65 94 52 59 22 26 60 7 48 78 46 0 22 66 53 52 79 63 32 32 96 75 27 26 96 73 
89 85 6 43 32 41 79 63 93 31 69 55 28 25 27 89 81 7 98 47 84 93 18 56 61 17 59 66 84 57 95 55 71 2 57 31 74 40 83 8 23 30 17 33 88 62 87 17 58 14 9 16 4 66 50 67 97 82 14 17 39 17 24 86 85 12 61 64 44 48 15 14 98 
83 19 89 83 78 38 75 17 84 50 78 64 7 66 61 4 11 40 18 88 41 7 96 87 23 65 85 40 42 33 81 26 37 42 42 90 96 94 55 31 61 82 55 93 75 48 58 30 85 17 7 54 10 0 46 53 58 29 75 3 86 95 29 75 70 63 68 29 44 69 28 11 24 
84 18 79 31 66 58 35 34 66 7 98 23 23 12 27 35 42 57 12 99 83 21 66 85 1 95 51 23 36 68 65 83 65 11 65 58 21 4 8 67 66 7 28 93 51 86 6 73 11 74 25 65 14 51 17 49 4 20 57 13 59 49 57 25 8 99 48 1 57 65 44 56 42 
78 99 27 2 32 92 40 25 17 59 82 41 5 70 76 61 34 55 97 98 7 47 46 41 77 60 83 82 73 67 42 61 80 12 30 46 21 19 24 79 31 97 15 94 95 12 93 76 93 28 99 29 52 39 38 93 93 84 29 44 64 13 75 48 89 90 93 9 66 6 49 90 94 
65 42 54 95 27 84 43 41 13 85 24 79 26 21 99 55 61 95 59 69 66 88 30 66 71 65 89 15 53 15 17 85 24 27 72 75 55 57 93 15 74 88 83 19 26 63 76 60 31 32 83 30 82 82 71 70 68 86 35 19 72 74 24 49 57 25 70 17 77 60 7 62 94 
98 93 13 61 56 39 19 5 60 84 5 38 55 0 81 52 79 19 20 36 86 48 56 9 93 35 91 35 13 87 3 62 67 48 57 98 72 4 76 40 88 33 27 8 37 44 95 93 0 85 60 87 15 44 40 24 54 2 5 19 72 16 24 21 86 94 78 61 39 28 0 36 32 
20 99 70 22 67 5 32 70 85 16 99 1 60 88 25 41 73 25 56 29 91 51 24 76 44 30 75 34 26 10 76 19 39 51 39 20 54 70 57 1 39 40 7 69 85 65 61 73 74 9 30 4 99 79 87 49 23 67 10 91 87 18 53 17 68 93 71 73 29 71 11 32 35 
43 35 69 6 82 80 31 50 62 1 77 93 29 6 31 97 94 20 3 6 68 78 43 49 2 10 23 10 82 63 16 4 38 43 50 0 55 73 55 6 12 98 56 88 96 76 57 75 38 35 6 75 37 40 21 23 18 45 81 31 13 32 60 44 42 67 16 46 4 1 80 24 3 
83 41 40 80 14 41 81 1 37 77 35 64 31 90 14 8 2 38 64 47 67 84 97 76 48 68 21 90 36 70 81 10 14 16 6 85 91 87 35 25 49 62 89 29 79 79 58 26 71 52 28 45 52 62 40 19 29 24 32 51 33 22 41 62 85 49 25 43 28 56 12 59 52 
10 22 77 55 91 95 26 47 58 3 49 2 35 86 21 93 73 75 70 77 19 60 59 78 53 86 63 69 12 26 11 8 46 85 3 68 31 1 93 54 47 62 22 30 78 21 28 98 76 19 88 48 11 41 13 33 66 20 92 93 66 20 64 83 92 39 91 5 98 27 22 8 45 
16 61 24 61 82 74 75 67 43 3 65 83 26 24 72 97 75 3 69 14 33 48 63 33 3 41 95 93 91 67 86 95 90 99 88 24 69 35 69 76 28 78 61 61 21 47 4 31 72 63 53 66 99 85 2 86 25 34 30 68 56 14 82 73 43 49 13 8 65 53 14 57 29 
5 12 65 20 3 34 54 30 16 65 59 80 68 99 41 2 53 94 81 37 56 6 35 31 70 7 84 24 94 52 68 30 1 69 18 9 0 89 35 78 30 4 31 73 13 30 84 13 2 54 95 27 29 85 45 11 83 4 41 53 59 2 11 0 57 85 77 57 62 9 31 99 34 
70 22 22 79 68 81 18 41 82 24 50 44 55 63 82 47 22 79 67 28 11 80 38 13 96 77 13 96 14 44 97 62 9 67 15 27 11 26 10 11 4 76 95 51 32 73 29 53 58 53 40 85 2 25 85 33 93 15 51 16 56 12 41 24 87 91 96 89 93 86 80 23 98 
60 20 56 56 91 39 72 95 83 58 29 12 64 64 26 53 78 64 88 31 85 98 56 40 93 37 25 49 72 93 90 69 16 37 24 12 29 37 61 22 50 51 94 34 4 83 87 15 51 84 44 60 5 85 29 70 22 46 43 79 90 28 74 68 71 72 98 30 71 77 78 27 70 
5 74 17 20 75 4 5 5 38 22 70 50 57 39 3 30 30 54 99 47 18 77 0 66 44 16 72 81 70 62 61 46 5 17 11 6 95 94 12 41 68 8 16 50 18 66 43 56 43 4 45 82 62 34 5 8 81 96 21 35 53 74 13 3 67 33 6 61 0 20 11 95 41 
68 44 60 69 62 0 56 35 67 77 37 40 74 98 2 2 51 81 85 96 32 11 8 43 4 33 1 1 22 40 98 0 79 34 43 78 44 96 63 88 27 12 59 41 64 16 95 37 13 24 91 15 26 26 54 13 76 12 61 86 68 16 66 27 48 36 89 79 83 51 12 60 86 
29 16 48 72 91 48 56 42 39 89 49 79 75 88 60 91 92 35 68 3 23 72 36 82 71 13 58 36 15 80 56 22 48 0 93 74 66 36 92 61 88 32 70 24 1 19 82 49 55 42 94 94 12 12 76 92 76 59 11 85 10 99 16 72 17 19 61 75 38 24 26 95 57 
2 35 88 58 46 17 76 63 66 53 61 95 97 63 55 30 22 29 64 64 72 20 32 92 49 8 69 59 43 56 4 69 8 75 31 36 18 31 6 99 51 76 45 6 91 93 99 97 84 24 84 70 88 16 30 61 26 37 11 92 34 91 36 96 15 94 61 79 38 98 20 22 9 
84 72 63 39 62 11 17 68 21 58 88 54 76 85 25 18 52 94 86 64 62 26 14 21 33 83 52 79 63 10 75 72 92 64 7 53 46 9 42 42 31 73 10 3 92 86 2 25 89 24 16 10 27 68 75 7 44 84 35 89 87 39 7 76 44 73 53 28 57 27 48 62 66 
9 15 70 87 49 10 87 41 52 76 36 85 68 28 14 1 56 80 67 4 41 55 73 21 69 22 53 98 42 52 96 63 50 8 64 55 78 16 24 24 6 36 61 72 31 84 92 3 44 98 37 55 86 76 27 18 26 54 35 91 34 53 4 6 53 36 96 42 97 48 84 1 31 
16 89 83 76 90 87 11 42 42 36 51 71 48 50 95 24 68 95 66 50 87 86 65 97 81 83 41 5 3 79 36 78 69 33 80 41 12 85 99 12 35 84 66 64 25 63 9 17 97 60 9 16 42 34 14 2 36 48 65 51 87 17 37 95 79 29 1 60 1 16 62 46 95 
40 75 52 2 44 95 83 85 83 34 74 38 76 93 20 68 76 12 39 26 82 70 78 58 8 71 18 86 87 49 98 43 80 46 29 36 6 58 53 68 52 54 41 35 88 73 48 51 94 47 65 98 67 80 76 73 63 74 59 53 45 11 82 62 14 2 57 73 13 97 51 25 86 
81 24 86 74 78 65 38 3 54 12 29 74 81 32 77 21 6 98 32 20 69 57 46 27 40 89 6 22 33 14 60 17 75 81 69 62 17 79 8 51 45 38 70 52 88 6 93 51 59 36 29 31 86 48 44 98 33 48 56 19 45 45 99 58 24 14 78 57 5 75 3 97 11 
33 46 42 82 67 30 84 61 90 78 89 74 54 95 52 23 76 38 21 77 84 16 57 8 64 88 61 51 48 28 69 74 37 11 98 62 77 40 69 72 17 82 56 6 43 12 48 47 95 24 85 82 79 35 33 67 7 15 59 46 86 2 16 69 16 95 69 28 42 99 89 28 12 
50 47 37 63 95 83 37 22 30 13 71 91 6 58 93 22 72 24 6 61 27 50 35 72 56 24 13 42 98 73 32 98 60 46 68 66 60 40 53 61 36 42 45 3 50 69 17 87 49 70 64 6 40 70 49 71 12 61 32 0 46 48 10 74 45 69 42 1 34 49 11 95 43 
69 55 99 86 10 37 68 60 94 27 88 96 9 92 99 98 34 74 63 82 99 84 77 14 67 43 27 17 50 75 1 57 28 13 60 80 20 19 22 47 57 24 35 40 34 26 96 74 1 82 74 51 74 55 91 94 54 76 49 75 72 88 68 24 61 16 21 13 8 64 68 56 93 
70 12 40 17 8 68 81 36 73 70 93 91 64 75 97 13 92 94 26 34 4 29 79 51 35 50 33 53 84 64 22 83 21 78 67 92 46 53 1 22 26 57 91 89 21 30 79 72 12 14 70 50 61 19 86 53 39 91 71 52 91 88 26 92 50 13 58 92 56 0 96 2 25 
2 86 82 35 45 52 71 79 33 25 89 81 29 21 53 47 69 40 44 5 89 14 54 64 21 97 96 14 33 57 74 19 33 46 99 34 66 53 38 65 19 77 81 22 78 21 6 19 11 8 30 14 3 72 11 76 51 79 58 88 24 44 64 39 79 3 47 49 17 68 1 11 53 
6 98 25 51 32 19 76 41 34 69 62 9 90 14 33 90 17 26 41 4 81 26 77 27 48 2 82 84 43 80 13 6 34 7 34 48 88 50 81 84 47 26 93 65 58 82 12 74 15 17 3 6 24 3 70 69 1 57 48 85 17 8 89 99 75 21 69 0 12 54 95 83 30 
81 6 5 11 57 88 92 76 14 56 6 57 15 54 14 20 8 46 25 42 99 13 34 21 11 2 81 16 58 69 38 92 49 27 26 61 18 89 23 1 30 2 24 57 62 15 44 87 10 46 80 23 50 9 77 30 13 37 9 80 68 83 61 17 22 46 56 9 16 39 43 98 41 
31 67 27 7 19 33 54 64 14 13 82 57 8 12 52 5 10 29 60 3 42 41 17 53 65 90 21 85 8 60 98 22 36 25 51 16 82 9 7 53 59 70 64 52 42 29 47 57 40 96 33 27 61 33 79 70 58 41 67 40 53 3 70 81 13 28 73 32 11 78 68 90 98 
13 6 52 72 70 1 37 29 80 77 48 45 97 88 88 98 17 65 65 48 59 2 27 74 69 53 7 10 42 93 51 61 71 39 23 17 70 79 22 79 67 38 14 85 82 3 87 93 6 21 99 28 56 25 28 27 31 23 69 88 36 55 54 13 44 19 98 25 73 32 51 24 50 
15 77 22 87 33 56 95 40 87 48 66 98 60 71 32 12 40 94 72 49 2 66 98 63 82 42 69 52 78 49 34 1 4 57 47 76 22 35 8 78 81 51 81 34 2 61 80 30 94 6 51 56 74 9 71 57 33 65 16 26 98 87 82 84 53 22 8 29 53 31 23 97 88 
16 78 87 68 1 69 18 95 5 8 69 26 15 50 31 98 57 47 67 12 82 12 62 15 68 50 31 3 45 58 65 97 67 56 74 6 88 90 36 26 99 31 56 23 45 90 82 31 36 13 84 47 98 8 76 24 59 76 61 40 44 64 22 90 12 67 77 4 77 86 39 19 68 
61 9 97 27 86 5 11 52 39 87 8 62 34 30 66 83 30 51 68 65 96 44 1 15 72 2 49 53 22 9 55 53 29 21 99 20 60 18 1 23 8 2 34 31 18 0 76 8 1 69 30 67 48 54 97 96 10 56 50 39 43 28 36 92 84 91 86 8 54 27 20 59 52 
49 2 4 3 81 22 91 56 8 2 51 46 29 59 23 69 84 74 96 31 93 68 10 33 84 1 17 25 62 33 46 76 26 16 17 51 43 20 10 84 91 46 85 55 53 85 48 54 1 10 72 95 52 77 55 48 83 82 40 93 11 33 10 19 11 4 51 8 84 38 42 80 54 
48 40 63 2 72 79 25 23 78 81 79 12 49 59 78 96 10 7 78 72 53 74 66 55 37 38 60 69 73 3 37 74 20 0 14 35 37 41 12 86 98 42 31 86 71 31 79 79 52 14 8 39 88 17 48 63 20 81 29 65 32 46 62 90 92 66 0 81 23 24 74 82 65 
37 2 42 16 97 89 40 26 36 11 25 10 85 81 58 92 77 32 86 66 17 27 54 14 78 89 8 6 21 68 64 32 90 70 96 86 46 30 24 65 2 15 54 55 1 2 16 46 37 54 26 29 18 85 91 86 55 89 44 90 20 56 24 82 11 6 28 35 55 18 70 64 56 
44 2 87 29 90 13 86 18 5 66 24 31 3 83 18 33 99 89 83 6 98 96 44 97 45 61 1 22 64 55 13 24 77 8 46 96 34 29 67 60 65 86 76 41 22 4 56 25 61 70 70 77 8 38 10 78 0 80 30 93 64 1 69 37 44 18 57 56 37 57 34 21 68 
45 51 89 1 38 92 87 25 56 25 38 5 61 11 46 16 17 89 70 79 90 11 85 31 54 90 56 27 28 15 36 89 73 95 97 64 99 43 98 85 79 18 94 30 13 12 28 71 20 86 47 84 69 89 28 80 36 75 16 29 91 38 43 4 76 23 91 92 77 45 95 15 47 
52 11 57 59 33 13 74 28 90 98 23 63 0 67 1 10 63 40 66 9 54 14 92 91 70 46 12 87 46 25 92 59 95 99 62 49 9 48 1 51 71 5 29 3 11 94 71 22 98 52 15 54 3 94 11 89 6 21 85 62 97 65 56 92 55 48 96 97 30 6 88 91 27 
91 49 33 15 0 46 70 37 20 47 22 63 79 59 40 43 78 42 56 87 30 47 18 41 84 19 91 53 22 51 25 65 27 92 5 16 41 10 87 18 32 2 53 8 76 17 86 75 67 71 95 84 65 57 73 11 45 11 70 9 85 73 24 17 79 57 84 17 78 99 4 87 72 
21 64 90 34 78 96 60 26 1 55 71 97 94 57 75 57 41 22 20 58 64 38 11 38 65 53 83 95 40 4 38 12 11 26 83 68 40 62 56 82 71 26 45 75 49 41 16 38 21 59 78 18 79 65 39 3 63 76 90 43 35 38 73 88 45 80 61 98 72 71 93 51 18 
2 85 3 48 70 18 58 70 65 64 53 73 30 65 76 11 53 21 43 51 91 0 92 18 80 60 90 10 81 18 20 49 54 4 56 41 96 29 16 4 5 42 30 63 21 38 16 18 1 85 86 99 75 9 49 79 76 10 33 77 66 75 11 16 7 78 78 34 63 9 31 0 66 
88 37 74 49 33 75 95 59 46 81 36 45 73 17 26 80 24 14 63 23 85 75 80 99 87 78 97 34 31 1 29 21 93 35 20 47 14 1 15 24 3 3 39 7 21 17 70 58 17 98 95 39 82 24 41 92 86 48 31 23 49 17 91 60 62 28 62 27 29 66 85 62 93 
89 10 99 51 37 44 28 35 52 40 76 16 42 97 54 8 27 61 0 41 3 3 93 71 7 24 73 46 58 21 7 12 78 54 62 57 66 26 13 59 49 84 56 49 81 62 47 84 91 53 54 98 55 1 27 79 48 82 13 97 92 52 30 19 55 87 84 42 46 80 57 17 40 
53 76 35 85 76 61 35 98 59 52 96 68 67 19 43 45 28 50 11 54 9 28 99 51 61 32 2 70 85 9 72 31 4 24 29 10 70 19 45 41 9 36 32 96 7 40 99 91 37 86 98 0 48 67 32 19 28 11 58 75 81 48 37 50 9 60 84 64 68 45 97 22 14 
8 4 58 33 26 30 52 39 59 76 36 66 25 25 35 67 5 72 47 93 30 80 46 68 59 74 79 51 96 60 25 58 73 81 30 84 89 65 76 60 57 44 59 91 38 23 26 48 6 46 32 80 96 28 59 1 26 73 83 98 23 62 1 60 67 84 76 40 2 7 94 38 74 
54 85 62 96 41 60 9 62 99 24 55 32 26 24 24 57 83 32 5 26 19 87 2 33 60 20 86 12 41 35 55 56 27 82 3 1 69 34 28 68 59 41 33 96 5 17 9 28 74 46 73 46 22 47 22 84 53 62 33 71 23 47 88 9 13 26 15 20 16 56 51 86 2 
9 6 0 86 59 76 83 1 62 10 61 63 55 9 68 15 14 50 39 1 92 42 58 10 81 73 98 97 65 55 34 96 50 99 46 89 62 60 1 41 74 18 97 60 34 80 25 47 57 36 57 62 21 67 46 4 52 41 17 90 34 45 28 54 23 63 92 70 9 31 11 88 75 
51 18 35 42 41 35 43 1 59 0 71 84 60 48 89 5 80 15 4 22 59 46 14 95 14 49 12 57 63 29 59 89 45 54 0 83 5 9 13 15 96 88 79 45 56 7 0 49 49 12 67 82 14 6 14 4 29 14 3 61 18 46 51 41 63 39 17 78 32 33 12 83 18 
90 63 45 9 20 70 13 25 62 98 57 69 9 29 33 88 42 69 10 38 0 67 5 21 60 44 83 5 93 28 45 46 73 7 20 46 63 53 11 67 59 42 32 26 35 83 17 74 41 20 99 40 37 87 34 40 26 89 93 58 53 53 34 90 53 46 69 18 71 35 4 71 42 
94 34 88 84 8 26 95 71 37 17 24 46 19 85 11 12 6 32 38 79 51 0 17 90 10 60 7 74 98 21 2 39 75 24 11 43 4 27 63 8 51 95 74 67 31 48 43 86 53 25 92 93 59 28 49 29 32 71 55 74 8 52 63 3 77 5 18 46 56 64 3 53 11 
42 42 79 24 9 71 8 22 8 22 88 23 35 82 93 7 31 16 80 88 11 99 1 47 50 54 95 91 81 11 21 53 58 55 0 32 74 47 27 63 28 86 76 93 67 45 10 97 58 80 36 46 64 37 1 78 11 4 78 60 54 98 73 0 30 67 96 53 57 64 61 5 26 
89 37 92 77 33 61 58 24 48 57 35 53 74 80 2 43 86 21 5 63 84 16 21 46 37 48 30 80 17 85 79 1 60 98 72 54 22 53 24 80 68 8 73 44 65 12 59 70 41 2 26 32 73 10 24 15 76 95 39 57 79 76 35 26 9 81 81 16 53 42 17 59 32 
41 54 99 94 80 16 45 65 18 65 1 27 87 88 85 62 79 92 23 25 0 18 24 1 64 47 33 13 16 6 76 4 72 53 69 38 73 61 12 50 29 31 74 83 75 47 67 89 58 2 81 31 76 88 64 24 68 11 39 27 68 30 32 15 65 30 1 48 57 40 22 24 11 
41 43 99 35 14 17 46 69 31 49 54 4 80 9 89 60 8 36 42 9 18 87 23 15 85 33 88 22 75 39 43 31 86 32 62 6 99 20 89 88 41 70 33 61 39 76 38 18 22 43 30 31 70 0 99 35 98 72 35 71 30 57 34 63 90 37 69 65 14 88 74 94 59 
76 1 41 76 65 66 76 93 59 80 35 37 87 74 37 25 98 97 61 51 37 83 17 77 18 7 30 79 88 49 17 33 66 93 58 40 87 92 35 17 58 63 76 68 53 21 65 83 78 20 54 60 42 32 22 83 87 76 99 69 13 2 83 27 34 45 64 83 18 26 90 66 75 
76 26 46 25 41 23 91 10 39 21 53 61 79 17 84 17 5 28 5 22 17 21 85 7 54 66 33 51 66 71 29 25 18 33 9 20 72 70 93 29 47 86 36 41 10 8 5 14 53 19 79 8 81 51 8 53 24 36 97 14 77 72 4 26 94 14 27 70 79 47 1 83 22 
50 91 11 58 49 13 47 5 78 38 54 68 4 18 76 61 66 44 98 27 18 29 93 43 8 44 70 50 66 95 44 15 84 30 62 3 29 16 72 60 36 51 13 44 85 13 36 27 52 5 51 96 89 51 34 61 75 29 85 69 39 71 24 47 60 95 64 53 15 78 98 67 1 
66 25 70 78 48 25 78 35 93 79 24 29 70 29 77 31 14 34 52 13 34 67 69 2 24 93 16 49 67 87 85 14 22 1 91 31 99 35 9 62 68 55 63 93 18 54 86 93 55 42 66 61 26 57 78 27 33 54 32 49 15 65 54 18 92 53 17 84 30 10 36 62 98 
97 93 54 16 37 88 68 87 96 5 11 25 10 53 98 59 46 40 72 91 14 47 25 79 90 5 72 58 82 48 81 22 53 1 40 74 57 28 25 99 28 35 87 58 22 30 23 6 38 18 38 93 3 15 20 49 0 51 92 85 79 72 53 60 38 29 27 54 36 89 94 47 28 
78 89 1 89 22 63 66 74 45 91 95 81 74 33 3 10 71 80 97 37 28 65 30 57 75 6 79 17 92 81 42 38 80 76 75 59 8 41 38 5 0 90 40 3 41 62 60 88 77 44 5 76 93 42 54 58 25 75 73 69 0 93 17 6 46 65 38 97 73 5 27 88 72 
92 80 32 44 27 14 99 4 72 5 65 39 63 12 71 17 40 24 62 74 19 35 33 45 4 32 5 20 43 89 10 66 45 35 66 89 2 86 15 22 39 49 18 4 68 22 47 12 90 32 93 85 42 21 34 23 13 15 4 82 4 91 91 56 81 94 47 67 85 87 43 53 94 
13 40 70 61 70 4 38 40 10 86 77 54 15 34 16 19 49 34 49 19 90 57 47 44 67 41 95 11 3 40 63 37 94 23 37 99 49 94 27 0 61 9 91 31 28 17 46 51 73 24 56 28 13 33 87 69 88 99 55 33 83 97 98 36 82 56 40 13 90 86 87 96 8 
86 82 25 6 50 64 62 32 36 32 8 13 66 24 81 40 36 79 2 22 63 19 78 87 49 11 99 86 28 74 25 61 2 59 93 42 65 42 77 48 75 99 58 78 65 65 56 99 10 49 26 78 49 74 8 32 3 63 9 45 19 88 27 60 91 97 83 59 79 59 79 95 34 
