13
40 55 73 79 57 2 27 61 68 89 83 48 48 
82 77 68 51 86 51 69 95 38 73 82 72 32 
18 88 84 52 65 85 21 48 25 35 69 22 17 
43 69 69 89 44 92 82 43 5 18 29 8 4 
25 96 2 8 4 32 81 66 7 36 65 84 64 
19 99 91 47 42 38 35 54 38 54 29 51 48 
52 96 18 92 28 13 75 15 42 2 22 13 85 
83 3 15 95 53 81 15 55 70 15 90 88 9 
45 11 50 34 69 34 15 11 34 14 72 68 15 
60 47 69 88 86 97 66 13 45 73 91 56 0 
31 17 38 33 84 25 47 37 95 69 12 60 29 
77 41 23 10 9 42 11 4 60 47 3 13 4 
73 74 56 85 61 22 1 92 40 69 90 96 77 
