14
37 47 82 2 84 93 24 29 1 33 92 71 61 63 
33 26 86 19 71 10 6 43 80 80 39 47 4 56 
84 10 60 62 18 14 27 79 34 67 68 74 78 61 
26 62 67 53 21 27 29 31 69 25 91 25 70 56 
95 59 75 83 19 22 0 95 57 23 59 41 75 3 
50 85 59 53 55 42 98 49 66 19 18 67 32 75 
90 15 37 56 74 24 47 53 47 42 82 27 32 19 
41 20 84 59 59 40 96 85 59 3 50 86 82 20 
83 39 22 3 86 19 1 26 50 50 92 35 74 31 
30 38 1 61 37 79 57 1 23 50 73 51 30 31 
6 10 18 56 14 12 97 6 76 74 74 37 76 82 
19 69 48 19 92 14 26 18 23 70 33 59 9 47 
26 54 65 64 58 4 42 25 18 69 96 91 87 48 
7 85 13 76 50 98 60 87 99 24 89 60 68 43 
