26
2 21 22 59 57 96 41 24 34 84 40 45 30 29 8 37 38 85 41 35 0 73 85 73 87 10 
28 9 68 55 84 39 59 37 13 93 33 58 47 88 11 47 84 6 77 59 82 46 90 5 55 60 
4 18 11 50 52 64 43 24 75 86 3 47 16 50 99 90 97 87 27 21 10 33 4 76 33 32 
35 49 12 76 41 26 50 25 63 58 4 65 69 42 77 15 80 91 64 44 59 55 6 84 11 33 
65 88 72 95 34 82 46 15 60 34 73 78 90 9 3 57 51 39 16 1 22 31 12 75 40 14 
79 42 94 77 5 94 28 97 72 45 80 60 76 39 17 83 13 58 72 98 25 88 68 97 49 11 
38 57 62 8 40 82 13 28 99 64 36 80 88 72 83 11 83 27 91 42 52 51 74 16 72 45 
93 43 56 10 64 91 89 13 70 54 23 27 33 62 95 19 13 44 25 17 2 10 56 26 82 36 
84 89 36 90 46 33 45 62 54 52 64 21 83 72 85 29 81 40 17 71 12 58 74 90 82 88 
41 60 29 10 1 64 6 15 78 86 78 7 99 24 31 1 99 90 72 53 86 32 47 23 96 35 
76 16 30 34 35 17 40 99 55 73 28 23 21 31 34 51 12 74 34 14 26 18 79 68 93 1 
73 28 49 86 61 46 89 13 33 19 25 40 27 66 90 14 96 5 2 98 26 69 32 55 35 3 
36 3 77 53 20 95 94 85 66 46 77 24 61 14 28 62 84 80 61 70 62 15 68 1 77 88 
38 73 18 45 33 96 41 48 28 51 38 43 38 82 95 83 95 98 2 14 94 46 79 43 23 1 
20 0 56 60 77 70 4 65 14 56 40 21 64 93 46 96 91 22 20 32 87 85 89 18 63 94 
71 12 47 15 25 76 70 9 33 38 46 50 15 71 0 49 80 22 41 6 69 27 96 39 84 10 
19 12 69 94 11 85 67 40 47 73 31 8 89 63 26 46 49 32 86 30 44 43 70 26 69 95 
66 13 23 91 95 37 26 88 92 9 44 55 3 65 12 2 40 60 82 18 15 9 14 82 14 22 
7 83 41 46 4 68 1 4 13 97 88 1 25 13 30 63 65 17 82 5 97 52 89 96 51 28 
53 59 4 71 27 55 15 20 17 1 89 76 77 14 99 30 35 50 83 67 43 52 34 78 16 9 
7 88 98 4 69 7 46 35 91 15 24 13 97 90 34 88 92 85 4 5 51 68 88 39 45 73 
22 56 22 3 14 24 1 62 59 0 33 31 20 86 48 33 22 73 42 46 9 7 82 89 92 19 
51 46 48 60 58 97 61 76 51 83 15 76 60 10 8 77 85 35 11 24 83 83 86 85 52 3 
49 1 31 25 26 51 73 81 82 99 27 9 18 75 0 82 99 78 80 3 28 37 83 75 65 8 
71 87 45 71 84 66 66 87 30 86 50 69 55 44 86 42 4 94 53 72 5 57 6 41 84 11 
56 86 45 72 84 55 49 42 30 26 39 38 41 57 88 10 95 42 63 4 4 54 28 69 48 97 
