93
48 5 99 19 52 95 46 74 10 11 57 56 3 54 16 4 27 99 22 44 61 17 76 72 43 13 75 7 64 74 57 28 98 92 66 7 92 42 25 2 45 86 18 0 77 72 80 29 88 50 75 68 96 55 88 0 46 78 38 37 70 46 14 64 8 44 79 63 95 9 15 80 84 71 41 20 20 67 31 32 71 81 34 84 41 51 25 4 55 51 88 9 51 
25 89 76 58 10 96 57 26 16 96 20 72 46 17 85 68 10 59 30 76 78 93 30 83 1 28 60 78 88 95 87 67 42 75 65 18 40 47 79 29 93 65 1 28 54 89 21 25 42 44 19 38 58 93 52 20 32 12 28 97 69 72 99 10 41 51 27 23 7 81 48 37 46 25 48 93 0 24 58 79 86 76 26 93 69 38 52 15 80 21 75 1 26 
66 69 68 7 29 25 67 55 78 28 36 35 53 52 58 41 27 91 42 54 45 65 91 27 80 93 40 42 88 22 32 51 11 2 97 63 61 16 74 24 93 55 87 15 7 99 8 91 50 0 42 99 66 81 61 0 70 28 15 61 24 73 86 64 9 96 77 34 92 39 57 98 43 2 39 54 25 11 71 83 68 73 75 69 23 57 57 20 37 35 16 29 33 
79 90 60 1 29 24 51 33 28 19 84 60 55 46 57 42 20 17 37 15 91 61 54 21 67 3 42 77 20 3 39 99 73 9 25 47 68 46 42 12 17 21 24 92 40 2 27 55 59 13 41 85 24 60 36 99 60 98 32 66 89 60 51 87 2 42 9 82 81 35 4 58 70 19 49 19 56 97 1 15 96 41 67 51 38 48 35 25 27 91 60 36 88 
39 35 71 67 70 86 64 5 67 68 6 80 84 10 16 54 9 58 14 75 6 35 85 0 57 2 44 89 58 8 30 84 88 58 38 20 28 66 15 50 38 91 40 3 45 44 77 73 64 38 36 39 15 89 50 98 51 57 94 98 93 38 17 2 67 33 5 61 49 50 32 50 5 84 56 83 93 88 0 26 32 30 74 49 44 12 4 32 87 85 93 77 19 
31 77 80 64 14 66 1 17 82 22 59 54 83 55 27 24 96 73 90 44 77 94 0 35 90 57 82 15 17 37 87 90 39 61 39 35 52 12 25 35 82 67 15 46 53 68 84 52 25 14 54 31 95 23 81 53 69 61 81 48 66 56 88 26 90 63 72 36 96 11 0 35 46 5 1 69 13 7 49 86 91 73 53 7 9 78 12 64 46 34 44 78 59 
12 75 96 68 65 78 15 69 80 63 14 66 93 14 76 76 41 24 89 98 91 23 7 59 25 49 0 94 79 50 18 24 29 85 64 49 52 97 57 56 50 42 80 25 3 80 21 37 8 90 18 13 60 4 14 20 91 59 73 47 79 61 22 62 69 74 1 9 88 69 52 8 41 97 28 97 19 41 45 80 51 90 12 46 40 32 14 88 20 10 77 62 51 
52 4 68 46 81 3 27 20 98 33 29 77 99 14 40 36 83 65 6 71 74 88 60 42 55 26 83 13 36 3 11 63 4 74 22 35 95 71 89 2 93 57 36 83 44 27 32 19 60 23 35 94 15 37 10 55 86 98 70 57 51 97 58 50 99 17 41 68 32 57 1 24 60 82 20 62 46 43 95 92 7 37 17 59 16 93 77 83 7 54 1 32 64 
35 54 77 91 98 69 70 35 12 21 79 25 25 38 38 91 17 38 47 20 37 10 50 58 88 30 46 92 82 55 10 22 46 45 21 54 4 73 96 61 1 59 78 3 59 1 12 60 42 13 87 52 53 6 47 33 35 15 24 72 46 72 28 14 41 77 99 78 18 25 38 25 39 80 15 6 58 77 15 92 25 36 38 29 48 76 51 96 98 37 24 91 74 
80 5 96 53 60 46 38 82 13 48 33 59 80 8 86 28 19 95 12 15 47 38 57 89 20 5 1 48 40 39 38 10 56 41 91 66 0 9 47 78 94 31 83 76 63 46 80 63 94 20 60 71 18 95 23 26 35 14 9 69 88 65 15 78 88 97 40 71 63 39 3 60 60 42 39 87 57 41 78 17 59 23 75 86 45 91 35 54 84 32 51 62 49 
38 68 26 15 63 43 57 35 77 56 51 94 17 38 47 6 45 50 92 53 19 98 23 3 72 25 36 84 33 57 7 83 9 99 86 81 70 99 67 45 67 20 38 72 49 56 93 58 89 91 74 29 12 5 35 78 16 85 50 49 60 99 99 73 44 22 38 7 51 73 61 85 12 13 55 19 44 69 97 52 50 33 14 54 67 19 82 52 21 99 51 94 46 
95 15 69 5 20 62 64 96 33 29 11 70 82 13 58 97 12 2 70 72 20 31 4 90 17 79 83 19 88 71 97 21 63 54 13 73 98 54 44 80 54 52 59 27 7 60 57 61 94 8 2 15 92 35 63 56 95 10 81 16 71 9 82 96 63 41 43 87 14 94 20 15 37 37 68 24 57 96 29 6 6 80 33 14 2 49 37 74 88 56 19 58 56 
79 93 20 73 19 17 81 74 3 27 25 38 85 76 52 94 73 69 35 81 50 68 35 20 1 99 74 97 93 5 22 55 44 7 22 91 49 16 37 64 19 74 55 96 87 29 61 64 87 6 60 7 45 65 48 36 46 71 55 69 52 31 28 48 44 76 27 49 50 32 28 66 7 60 12 36 1 61 77 57 1 31 57 24 17 29 29 41 30 28 13 34 53 
33 84 7 79 94 2 97 47 53 93 83 96 58 45 29 43 66 81 67 41 44 71 99 4 68 32 63 76 79 48 1 6 83 1 49 29 88 28 60 4 19 42 7 76 19 8 45 6 37 1 73 86 38 49 68 59 18 59 22 40 83 69 57 24 33 33 36 26 35 60 25 27 6 85 67 52 39 63 81 85 3 81 64 41 25 32 53 93 26 36 59 30 49 
11 60 6 46 42 98 10 81 90 62 35 30 55 77 97 47 49 68 5 30 36 38 84 27 18 12 87 54 61 4 74 92 18 71 93 44 92 14 1 86 34 28 70 82 12 11 89 6 15 76 26 87 95 97 52 98 37 2 44 89 26 43 80 48 15 98 28 61 17 60 91 88 37 75 56 88 56 0 46 32 56 58 63 94 86 15 13 54 44 70 77 10 1 
27 80 54 37 28 52 30 11 13 57 2 17 66 63 98 10 96 46 30 16 42 52 54 57 38 67 46 76 25 85 94 84 0 70 93 84 54 96 92 43 71 93 85 41 62 12 41 91 99 19 44 87 11 91 33 31 37 78 34 28 31 13 62 36 94 78 1 57 51 62 61 1 4 68 7 2 14 29 74 7 17 28 28 38 86 5 86 2 16 38 7 84 63 
0 80 61 50 32 23 46 76 2 18 13 22 98 96 22 72 10 31 42 35 8 29 36 86 0 60 72 28 80 52 84 58 56 21 35 26 60 63 17 1 81 79 82 63 39 63 80 45 14 73 8 95 5 40 77 0 92 88 66 63 46 66 41 20 41 77 69 56 38 7 94 14 94 20 66 54 12 84 16 96 74 52 52 19 10 19 45 80 64 99 47 23 17 
76 22 20 12 84 72 91 23 82 83 34 58 80 55 92 19 91 70 63 93 52 23 90 10 74 61 57 9 31 5 83 2 46 59 47 21 86 16 75 9 37 10 9 69 85 6 99 30 22 47 87 52 52 85 28 27 59 96 64 42 1 2 23 75 93 12 61 31 22 73 84 5 58 78 93 26 38 70 97 27 34 54 51 94 86 38 29 12 4 98 89 8 41 
75 19 46 32 10 37 94 70 23 22 31 57 8 60 30 26 29 4 27 69 72 37 88 85 69 1 97 37 32 88 59 79 72 39 49 43 92 20 92 9 77 89 96 96 83 87 28 7 21 94 91 50 11 86 61 0 15 49 42 93 17 16 57 83 20 44 77 75 82 18 78 42 28 62 38 90 83 37 60 7 75 50 57 10 29 73 6 5 80 72 30 33 33 
85 17 61 37 16 7 88 13 6 86 38 60 88 87 28 32 99 35 87 42 8 59 48 42 56 63 58 24 49 31 19 28 37 77 20 29 61 25 53 32 21 12 78 29 95 21 88 70 81 57 91 28 1 3 52 4 12 15 60 75 94 0 78 59 66 45 34 77 14 85 10 59 7 79 72 74 23 9 74 42 58 41 91 75 47 11 11 73 12 82 71 40 3 
29 11 49 45 78 9 4 7 98 99 14 15 44 85 25 64 56 81 71 87 24 87 92 40 6 53 52 29 57 71 80 98 14 32 50 85 36 23 96 92 91 62 26 90 98 85 52 58 16 93 42 60 65 83 95 31 83 92 53 99 44 20 83 92 7 13 83 39 78 2 39 82 86 76 22 83 26 40 15 78 63 2 1 76 37 75 24 4 44 83 97 89 42 
82 5 42 80 61 3 59 68 23 62 75 58 47 22 27 44 42 56 59 40 25 58 16 16 26 46 99 12 31 91 84 36 29 97 51 93 40 70 68 96 10 57 81 34 94 23 42 70 86 25 45 2 70 25 64 5 30 70 40 42 22 27 36 25 20 17 39 47 38 28 19 71 43 95 59 72 30 12 24 43 18 16 12 99 64 40 3 64 41 96 51 40 63 
17 20 5 13 19 2 64 17 46 8 63 30 22 1 71 50 85 92 65 88 82 52 98 27 25 94 10 69 32 13 61 15 6 5 6 82 19 88 97 58 19 98 20 15 40 51 15 54 90 23 32 34 58 57 34 68 55 81 90 40 50 85 73 13 5 87 9 37 67 97 2 59 71 34 41 78 98 45 52 27 88 52 61 6 15 39 73 54 38 87 10 95 37 
94 40 78 11 33 41 52 5 74 63 51 78 55 75 58 83 56 6 16 14 56 88 73 12 11 90 13 43 73 87 42 70 63 22 41 2 40 35 28 7 22 13 35 1 35 98 53 37 46 68 2 20 51 16 83 2 64 97 30 25 51 79 81 13 29 63 34 60 0 18 21 59 80 2 26 11 40 12 69 34 81 24 20 35 73 38 36 13 34 65 89 44 4 
14 96 78 69 27 90 24 28 24 63 1 6 95 28 97 46 48 88 63 4 61 26 21 25 1 84 44 21 80 28 33 9 47 31 40 20 70 96 71 61 81 86 31 4 25 10 21 46 68 16 84 59 23 69 21 16 9 23 37 77 85 5 15 61 87 69 92 20 24 69 71 3 18 54 95 12 46 16 81 44 20 30 33 90 62 5 96 89 16 17 50 3 16 
96 58 74 25 88 6 3 9 24 26 5 95 83 70 44 0 68 88 96 9 90 5 74 27 48 56 21 75 22 28 69 25 24 42 5 58 35 46 20 5 77 88 24 11 16 8 62 61 61 55 1 63 88 93 45 76 1 83 4 29 37 67 45 92 21 12 61 49 77 28 15 8 85 95 79 86 15 77 44 15 12 37 20 53 32 85 49 74 93 36 29 75 12 
58 46 89 0 78 48 27 55 71 9 46 59 5 96 65 74 80 57 48 19 90 8 31 18 25 21 89 46 52 29 68 53 51 96 52 44 23 83 43 30 76 48 15 84 29 17 84 15 2 65 94 1 34 67 54 65 0 13 85 31 49 8 22 29 80 7 29 74 84 2 50 76 23 98 99 55 80 82 38 52 43 72 11 47 74 10 30 3 20 97 46 61 94 
21 73 53 22 59 92 97 71 84 39 10 36 77 39 56 8 20 39 42 27 39 89 80 89 60 54 35 75 5 85 51 87 25 14 99 8 73 49 89 35 25 67 36 94 87 93 76 7 35 29 9 98 16 39 89 67 95 15 20 46 46 76 2 29 92 72 76 60 72 89 95 68 19 66 6 46 3 58 58 61 35 85 25 43 21 32 37 68 76 92 67 36 66 
40 57 67 57 68 20 52 19 78 70 39 96 99 99 20 30 55 35 92 31 82 54 51 33 14 16 77 98 66 28 7 35 34 92 45 93 66 82 33 72 77 91 71 57 78 85 36 98 98 46 86 0 41 84 98 20 88 87 29 86 32 0 37 72 8 56 95 44 1 16 19 50 66 57 72 33 88 83 62 13 28 48 78 61 97 10 20 42 78 25 44 36 15 
81 27 53 11 52 66 57 9 85 61 66 98 0 18 33 89 12 41 29 14 95 44 95 88 34 60 76 27 95 59 52 46 96 93 47 56 45 81 9 76 12 25 14 39 5 18 1 76 5 38 8 26 82 45 6 14 94 51 76 9 64 37 73 38 20 90 92 49 66 17 44 31 43 37 52 58 75 91 81 70 31 65 29 34 90 16 17 44 8 81 12 23 28 
74 91 67 7 32 66 24 71 80 93 24 4 14 7 0 3 81 96 18 4 82 80 72 90 21 53 53 62 90 31 17 52 66 72 12 28 93 7 27 61 72 61 99 84 47 26 47 4 21 62 0 1 73 30 74 27 53 2 82 13 90 41 39 19 42 58 97 70 98 9 24 3 8 0 23 43 10 44 69 42 46 29 82 50 49 1 74 83 95 84 71 17 28 
86 49 74 1 9 87 95 62 15 54 70 93 89 1 58 81 82 68 70 8 15 2 3 19 31 2 81 19 30 19 34 29 90 91 36 7 71 86 33 39 30 36 1 81 57 24 55 49 61 62 63 71 48 0 44 99 43 5 78 9 24 66 72 57 82 53 85 57 82 5 77 39 76 16 80 46 19 93 86 18 30 93 18 72 66 5 61 80 48 34 33 18 12 
1 79 24 84 31 62 82 26 12 84 71 75 21 12 4 41 60 93 99 3 99 46 70 27 32 1 36 13 27 15 97 8 28 39 73 6 9 79 42 45 56 20 15 25 14 72 21 68 3 51 10 30 6 31 45 55 14 18 45 47 19 3 54 85 34 32 93 43 19 54 1 5 85 94 46 44 37 37 23 51 5 67 93 94 68 82 82 24 38 22 48 67 18 
13 97 50 8 17 69 55 73 9 72 58 26 66 90 71 73 90 77 72 0 55 57 31 40 38 32 64 97 75 73 30 7 14 95 12 37 44 98 34 32 40 86 98 12 35 5 74 98 83 95 64 8 45 46 6 97 92 79 47 27 67 35 83 68 21 75 31 38 47 67 93 82 90 35 95 18 15 32 66 56 49 30 34 78 47 3 41 93 55 43 19 31 55 
20 41 68 42 93 6 42 55 22 18 16 55 23 97 61 41 47 81 46 3 21 40 74 87 25 46 99 76 1 85 53 83 78 87 71 94 94 50 34 36 17 83 14 92 79 54 80 56 69 17 2 98 24 3 99 98 84 76 39 70 28 56 50 59 61 82 21 61 81 6 25 58 89 47 21 12 14 95 8 90 15 64 39 33 84 42 14 28 52 71 65 49 8 
46 86 11 27 7 50 25 30 40 88 37 73 26 83 63 13 99 53 97 69 28 61 93 44 31 58 61 61 59 20 58 25 32 36 3 51 27 42 13 73 26 39 49 88 48 77 10 62 52 30 6 7 72 64 56 4 75 59 49 78 76 90 64 72 62 77 38 52 68 81 42 15 28 5 34 61 69 12 57 59 51 15 29 53 1 64 81 16 81 35 64 36 2 
86 43 28 19 28 6 59 76 15 26 75 52 62 8 45 2 98 94 3 12 21 63 70 33 21 57 13 26 47 61 67 46 88 84 13 4 14 30 64 82 88 57 61 91 99 62 28 17 53 71 31 46 67 21 51 42 24 47 94 70 46 46 7 23 56 90 8 52 94 49 58 2 4 73 18 16 4 86 82 92 35 20 78 54 15 50 32 98 83 68 27 80 45 
73 60 73 42 26 64 21 65 8 83 61 87 61 53 41 72 66 86 10 98 4 72 51 46 73 97 87 83 34 76 41 27 36 61 56 30 35 5 32 18 35 53 13 46 46 42 31 87 56 21 63 16 91 21 38 66 18 34 52 96 96 38 81 6 93 67 64 92 50 32 16 90 59 77 24 19 70 73 98 34 34 79 16 7 22 38 7 31 76 6 41 94 63 
80 79 94 93 6 85 93 62 23 59 37 30 18 80 83 1 51 25 73 21 56 99 10 64 26 14 60 5 82 19 74 42 27 80 88 16 10 56 67 35 84 62 78 33 18 3 98 66 39 49 99 89 71 38 4 82 77 10 38 91 38 20 42 62 81 16 59 30 46 43 23 94 95 8 61 39 63 24 89 5 29 1 13 90 86 47 47 3 39 4 68 64 6 
98 11 58 76 66 20 59 95 88 41 42 42 18 79 70 46 68 90 63 94 54 34 4 23 68 34 79 81 27 95 86 57 72 42 78 95 19 71 19 73 62 45 8 15 84 32 25 95 77 26 7 61 4 11 23 7 20 60 95 66 36 22 18 28 10 53 31 51 87 51 14 28 41 40 67 41 98 63 43 37 97 34 57 62 83 83 58 49 35 71 50 90 15 
74 36 71 40 89 32 22 69 1 91 24 45 12 51 65 31 20 70 14 82 40 10 77 58 43 71 87 14 26 1 38 51 98 52 6 94 47 34 87 14 40 16 12 35 86 77 86 75 24 52 52 82 30 93 35 78 91 77 39 75 57 35 77 97 27 94 60 1 93 88 31 26 52 67 49 46 15 16 76 48 59 55 40 84 2 63 7 46 93 39 18 64 36 
40 31 13 28 54 79 83 21 14 55 28 26 22 75 97 57 33 55 32 24 33 34 40 94 27 77 35 92 18 80 48 39 9 56 67 46 11 45 74 89 1 28 29 30 31 46 14 53 99 27 36 64 47 37 59 68 62 38 81 54 18 13 91 58 5 77 30 97 19 23 29 75 28 21 69 7 95 65 76 76 58 73 67 14 77 66 71 30 10 8 83 23 40 
96 49 25 77 69 90 28 24 92 68 98 8 87 91 30 46 49 56 76 91 88 86 43 67 21 70 55 66 45 14 32 18 46 46 32 80 36 49 23 28 78 47 25 8 81 36 18 64 94 48 31 33 85 93 50 29 6 7 46 91 73 90 33 1 51 35 3 18 55 73 11 65 3 14 70 40 75 19 68 85 84 93 11 9 98 95 92 90 1 81 65 24 34 
66 73 68 67 18 62 88 5 10 48 24 88 14 16 17 49 70 92 37 47 44 98 46 53 9 56 76 25 39 11 66 94 71 13 13 17 69 17 13 2 98 65 61 45 50 18 50 51 90 57 84 94 56 39 73 62 87 27 42 20 86 47 11 37 25 48 27 62 59 84 22 46 3 79 64 90 50 50 96 14 74 11 29 14 85 41 96 23 72 45 7 52 91 
35 54 81 11 35 69 2 76 67 62 14 17 41 81 66 14 31 98 41 96 51 46 11 67 54 50 22 45 9 24 57 43 94 40 80 2 49 61 57 16 30 14 29 42 56 64 82 34 77 32 61 25 0 1 73 90 41 32 26 98 15 94 41 85 64 36 97 58 63 5 39 52 50 84 23 60 99 5 6 62 36 95 96 28 7 15 55 55 97 12 27 70 48 
83 62 28 21 63 60 90 0 30 43 26 29 59 36 59 27 83 90 54 79 94 96 23 0 17 87 25 40 30 26 50 0 72 97 22 81 36 46 15 65 65 34 40 92 20 33 48 79 84 77 43 40 74 89 75 54 65 39 71 57 9 26 77 2 17 70 7 95 59 38 57 85 36 48 85 27 94 21 59 80 98 8 60 58 66 93 59 22 52 72 47 36 5 
55 33 30 90 69 29 61 93 64 11 41 40 41 37 71 46 57 44 53 6 56 25 57 7 54 9 67 38 37 68 25 91 62 76 10 15 65 46 42 21 28 30 68 41 5 56 42 2 7 74 91 1 98 82 89 67 43 62 18 79 68 67 52 62 74 38 67 15 91 68 26 80 35 66 19 2 79 78 54 97 37 70 26 73 37 7 34 41 12 17 26 2 67 
50 12 14 39 60 67 36 67 17 42 5 84 10 10 33 32 68 41 16 46 40 49 7 95 9 16 54 82 31 43 53 79 31 11 76 85 62 42 68 61 8 52 28 3 31 0 69 84 17 64 74 63 39 0 79 2 66 56 53 80 20 51 39 28 72 88 40 49 44 71 25 73 93 61 46 1 81 17 69 42 52 8 44 55 44 56 21 80 32 56 11 10 55 
60 67 17 99 27 41 78 97 99 49 50 0 49 86 9 95 86 63 0 91 35 29 50 58 65 77 45 94 29 58 65 13 54 10 11 67 69 55 4 82 38 25 21 58 80 41 27 90 63 29 84 57 79 9 56 66 94 78 71 48 99 89 87 26 74 17 70 4 52 46 3 54 23 38 54 34 62 18 87 33 51 52 55 79 3 97 50 24 32 78 20 74 30 
33 11 74 83 14 70 67 85 59 44 42 62 62 97 43 0 29 50 53 83 64 77 71 6 84 27 0 46 31 21 80 51 61 46 80 62 30 27 58 40 18 50 34 8 10 37 87 56 75 23 94 34 89 29 87 86 15 99 57 93 43 38 87 60 2 61 16 2 37 48 59 93 49 93 82 8 21 88 57 91 51 70 48 9 39 89 54 30 16 70 71 28 12 
19 53 6 43 97 88 32 51 59 81 84 23 50 85 3 1 0 54 1 90 76 30 95 66 51 75 97 66 97 12 35 3 91 16 6 40 34 82 72 40 74 80 9 37 92 8 9 77 49 44 19 59 23 85 45 58 84 32 69 43 39 86 52 0 27 39 2 18 22 14 29 3 21 36 93 69 19 82 9 48 53 68 35 11 6 44 30 87 51 85 65 83 36 
54 85 83 27 74 87 28 99 69 36 22 58 45 10 62 23 76 63 84 98 95 35 49 70 96 23 16 34 68 61 70 81 19 66 8 55 66 86 87 52 43 16 0 19 84 97 97 45 70 45 43 62 12 65 9 29 13 99 95 23 23 53 65 9 78 28 95 43 89 33 34 45 92 37 36 29 75 39 25 28 23 20 27 43 75 11 43 6 63 3 14 39 72 
32 84 40 91 6 72 10 73 34 17 35 11 57 63 84 88 66 3 92 20 30 82 33 4 59 13 65 49 18 14 2 73 56 58 50 17 85 27 89 0 55 93 73 41 37 86 52 38 72 34 62 49 55 97 50 64 59 52 10 39 13 84 7 41 64 99 72 33 5 63 16 52 94 13 47 50 75 87 48 1 79 59 85 97 70 44 0 97 77 30 66 95 16 
66 8 8 12 92 81 43 21 74 87 76 46 14 25 69 91 3 70 9 1 56 13 57 60 59 16 57 99 30 88 59 10 21 55 7 40 88 25 35 65 58 25 93 30 99 24 95 61 14 8 91 72 48 18 29 56 30 78 82 84 93 49 68 48 77 45 20 56 87 29 32 74 52 7 81 32 80 79 68 95 32 71 41 38 96 53 28 71 12 94 26 95 6 
3 65 53 42 69 89 20 62 32 34 52 68 9 17 39 54 54 63 0 21 82 1 77 70 69 11 37 7 67 61 50 26 36 27 73 11 73 56 65 72 74 55 54 95 59 14 98 84 90 81 54 20 95 94 11 66 78 86 21 18 38 5 0 28 79 10 37 38 23 79 37 70 3 44 81 39 9 23 23 79 85 29 53 35 80 52 2 7 49 52 91 68 47 
31 53 8 21 93 49 73 76 29 33 7 72 68 96 44 54 56 65 10 98 68 78 36 22 23 44 37 25 78 28 94 18 20 12 55 69 57 96 6 60 15 33 11 12 17 44 4 91 97 84 1 90 30 81 81 48 79 96 37 14 44 67 61 38 71 87 60 79 94 87 3 7 31 93 31 63 72 76 34 60 86 84 81 11 27 89 36 64 49 86 54 96 33 
97 27 33 43 9 27 71 3 57 38 96 83 81 3 5 45 73 6 25 12 8 17 92 14 22 30 16 11 37 36 8 42 90 17 41 66 50 41 61 97 11 49 44 53 74 13 11 79 90 35 41 2 90 22 37 40 53 47 69 11 99 32 49 19 77 23 47 16 70 98 34 4 69 61 71 23 98 15 52 43 32 31 14 31 1 27 66 68 54 15 7 76 95 
21 55 51 71 5 6 15 77 5 86 91 97 98 1 92 30 69 9 49 58 36 90 97 77 85 32 71 84 70 42 14 33 68 98 7 27 51 80 13 23 18 99 15 26 60 81 56 91 78 52 36 65 3 45 79 38 43 90 53 0 16 9 57 37 16 59 34 90 92 3 20 48 69 43 47 6 74 57 40 91 34 23 81 13 0 93 30 24 85 61 89 21 81 
69 6 31 6 69 22 51 26 20 34 64 83 61 57 29 94 51 18 44 78 37 63 57 91 5 64 23 56 15 96 12 89 26 79 3 73 28 37 27 59 67 70 99 8 69 63 92 91 96 8 8 21 27 68 33 16 40 15 87 47 26 82 12 55 72 50 17 17 85 23 49 21 43 16 69 59 8 77 95 44 35 1 93 92 16 81 58 79 43 81 25 18 37 
3 50 29 58 82 49 67 7 93 26 98 94 20 6 84 84 52 17 63 62 1 21 49 84 77 16 48 53 8 15 74 97 62 45 57 10 35 91 54 50 31 73 31 42 87 35 55 96 84 62 2 31 68 86 11 55 6 70 51 16 55 42 82 53 23 90 76 34 33 51 91 19 97 3 0 12 44 26 17 77 25 80 98 67 58 2 36 42 69 68 47 82 38 
10 59 17 4 72 83 39 57 93 92 44 90 95 2 72 94 72 58 17 82 0 39 42 75 27 0 40 33 52 82 80 18 87 12 49 43 84 4 16 85 13 72 23 79 70 74 93 27 37 5 23 40 12 90 83 12 76 7 45 0 71 26 6 57 6 86 54 76 18 12 55 15 11 69 48 59 96 19 8 50 66 90 47 86 40 28 20 8 76 46 77 59 68 
48 60 33 61 96 87 21 89 3 54 98 95 95 85 95 88 12 65 0 25 2 1 10 23 64 15 47 97 45 57 81 88 57 5 53 25 18 36 52 13 44 30 70 26 38 4 51 6 69 24 23 99 24 86 41 90 33 9 69 54 46 44 72 26 47 54 89 15 25 17 61 47 85 23 83 6 95 56 90 51 85 33 16 41 16 25 38 76 11 17 78 95 48 
42 93 51 59 83 65 73 64 31 10 43 25 76 9 48 50 74 57 23 50 59 12 37 59 91 43 6 61 97 2 63 72 8 51 58 29 92 5 1 44 85 21 0 51 43 0 49 54 17 48 17 82 71 2 57 20 94 89 60 53 51 2 76 32 17 67 53 25 61 86 9 4 43 82 50 89 2 29 31 19 65 55 18 10 73 18 67 8 76 39 37 65 52 
0 41 84 45 85 68 98 21 50 59 48 78 98 39 13 98 71 43 61 90 93 77 23 29 56 13 18 97 58 33 99 68 86 46 74 56 36 52 90 37 91 81 17 85 73 12 76 50 82 90 33 60 6 86 79 54 37 21 3 35 82 5 29 94 51 35 85 3 89 97 8 13 20 93 58 92 83 36 94 28 54 46 95 4 56 47 39 38 27 81 86 36 62 
80 40 44 95 80 50 73 40 42 27 45 69 21 96 39 87 8 4 94 79 81 98 93 45 29 79 35 4 35 59 63 4 32 4 44 27 29 91 22 52 47 44 48 30 35 46 19 10 87 24 25 29 41 58 72 5 19 51 38 50 97 11 4 85 26 29 35 65 30 76 39 38 73 92 39 75 94 88 99 8 82 90 37 9 52 60 75 94 71 38 74 67 42 
49 92 80 48 99 84 47 67 72 87 82 12 1 42 69 41 75 83 36 56 0 98 6 40 31 44 90 81 14 73 79 53 49 94 91 10 57 97 92 56 95 46 55 15 36 89 91 70 90 72 19 83 17 87 75 99 95 3 89 30 73 9 12 64 96 2 42 95 57 36 0 29 94 72 26 39 73 0 72 80 14 1 68 35 84 97 26 52 25 10 85 89 41 
31 7 94 6 37 99 36 94 54 39 26 88 10 63 39 92 70 98 11 22 86 52 49 75 32 83 34 44 75 8 95 84 51 93 23 29 29 24 4 15 31 81 40 29 15 37 23 73 20 45 63 98 43 11 85 72 48 0 51 25 17 18 4 16 20 33 83 55 40 73 24 97 51 2 9 26 91 97 5 3 50 59 3 79 13 77 78 93 36 50 74 71 60 
69 83 51 19 94 66 88 46 28 19 57 17 83 70 86 34 19 55 40 24 9 97 12 67 33 8 8 53 82 27 63 1 47 56 34 37 90 43 3 13 15 70 33 90 91 51 22 33 66 29 83 1 32 28 94 61 84 76 22 44 75 73 39 39 0 36 1 11 41 88 8 95 10 12 50 14 57 73 81 35 75 32 87 39 55 0 80 16 73 6 43 6 33 
74 22 34 45 47 44 56 53 80 76 63 35 34 52 13 59 2 88 61 50 35 69 52 6 17 63 14 41 73 79 2 16 49 37 51 54 48 2 54 76 99 10 54 76 27 63 86 93 4 50 97 26 23 78 45 9 15 26 10 40 42 26 62 72 66 55 85 15 84 69 35 80 45 59 6 65 28 35 19 69 5 31 81 24 55 60 89 56 42 25 1 53 24 
56 88 90 37 21 12 91 50 36 13 99 14 50 29 75 69 95 78 92 86 48 4 31 28 0 86 19 62 85 29 49 20 28 34 12 78 53 72 43 71 22 73 0 3 19 35 58 17 53 52 55 8 76 19 88 50 98 22 47 55 73 21 48 9 96 52 24 33 30 90 38 54 65 6 19 86 79 6 82 68 3 4 73 57 75 65 75 4 78 46 39 78 89 
81 34 64 2 24 89 22 41 13 90 4 43 41 80 52 5 52 30 87 79 16 94 75 82 90 20 39 71 14 11 93 50 65 10 16 20 28 75 33 45 85 36 60 97 39 68 33 30 72 67 50 11 66 78 52 17 2 26 42 3 81 39 85 59 50 16 82 8 57 66 54 71 62 79 43 99 69 34 21 5 71 20 76 76 31 9 18 6 6 14 89 81 24 
87 54 89 39 86 57 83 43 66 45 30 41 25 81 61 2 25 92 6 75 99 26 19 71 44 84 32 69 91 25 40 67 71 60 7 56 46 18 69 94 96 38 38 65 43 36 43 97 23 71 70 14 22 67 38 9 65 37 80 83 26 30 10 14 8 24 90 50 44 29 78 57 74 5 72 98 16 23 53 29 15 80 73 36 93 84 22 14 38 43 20 96 51 
95 69 13 48 80 57 12 86 29 34 13 46 71 7 29 5 12 91 87 30 8 89 95 13 36 87 51 82 81 47 5 30 61 22 11 29 61 20 50 62 2 53 6 43 66 88 29 6 83 41 7 98 52 84 77 30 8 8 77 9 11 38 89 42 59 21 86 38 60 72 57 84 33 71 80 37 71 54 58 43 26 54 4 84 14 98 93 15 23 11 47 19 8 
76 24 36 94 58 88 35 23 28 59 10 10 55 3 45 38 41 64 71 10 76 72 41 0 6 63 94 38 3 36 88 82 42 3 55 98 49 89 21 32 53 58 82 48 27 34 93 28 6 88 39 33 33 5 72 92 24 56 92 56 75 91 65 68 23 49 76 29 46 3 86 65 14 22 0 12 73 50 15 99 80 5 50 71 82 48 93 96 49 47 52 18 80 
81 69 98 31 10 11 94 81 64 0 52 87 5 10 13 15 35 49 25 16 59 33 11 40 29 32 10 20 52 36 4 31 58 40 44 3 50 95 31 37 13 13 87 69 17 13 7 43 93 1 12 33 23 28 38 85 51 78 48 85 44 25 85 38 57 90 98 55 54 21 60 68 6 83 4 71 29 24 60 54 35 86 1 31 68 42 99 14 75 81 68 89 94 
98 65 62 44 59 60 45 41 13 30 32 79 81 65 26 26 65 69 24 34 65 61 51 54 28 31 31 65 39 24 51 46 48 81 91 57 75 30 39 39 90 9 19 79 36 40 85 38 73 5 17 39 60 58 84 9 82 5 55 21 42 87 80 20 39 97 5 73 14 96 37 61 37 8 47 4 62 16 16 79 52 94 33 63 93 46 95 14 83 34 92 23 56 
88 75 29 98 32 60 71 57 26 21 10 6 32 17 60 68 92 44 9 65 44 96 57 58 0 95 16 64 13 81 62 52 85 53 44 94 82 88 5 15 16 86 18 56 0 65 19 63 10 48 98 49 48 86 15 45 39 60 67 49 55 53 95 79 93 73 81 47 25 92 77 88 30 45 17 8 8 27 71 18 57 49 32 99 73 38 38 5 45 27 24 97 68 
26 66 3 91 43 60 40 86 10 24 40 60 12 4 70 82 67 42 93 61 42 54 80 48 66 94 86 5 68 30 93 23 50 11 6 45 0 42 6 7 36 58 75 58 79 74 65 15 49 65 72 22 99 97 16 13 28 3 45 62 25 25 57 64 78 34 74 6 47 62 97 96 60 66 5 5 81 63 6 6 77 40 7 11 29 3 47 87 85 37 0 38 72 
53 96 68 75 62 93 74 9 64 52 48 28 10 83 51 74 39 61 48 86 75 63 22 31 2 60 38 94 43 77 56 41 67 67 91 55 24 18 33 24 33 56 96 81 32 36 77 59 75 45 20 2 66 87 38 10 9 60 75 29 42 99 52 39 98 1 48 43 96 18 63 83 52 57 68 35 89 92 47 59 58 43 56 31 12 18 99 9 69 90 42 71 82 
53 65 42 86 80 7 3 46 91 64 92 33 10 43 50 49 19 78 74 65 86 20 51 86 26 81 85 53 51 14 44 66 14 89 15 99 54 54 26 61 51 52 75 76 76 57 78 95 17 80 37 62 44 1 8 12 86 32 29 29 23 88 84 4 43 31 17 14 95 62 62 6 24 35 60 14 75 55 23 97 46 87 56 43 7 94 15 5 83 16 37 37 81 
91 2 82 37 95 28 22 72 1 38 57 48 45 56 74 62 92 49 53 91 57 45 91 51 8 80 43 7 17 34 50 75 92 84 41 61 21 61 56 13 39 85 82 94 46 55 85 62 77 39 47 82 4 15 43 13 99 3 16 32 99 79 67 74 34 73 85 74 45 0 90 50 79 45 9 58 78 84 37 70 82 3 1 69 42 75 18 45 46 24 81 64 23 
96 64 69 62 52 13 47 19 11 62 26 54 28 85 44 37 23 0 0 82 91 78 99 77 59 52 15 89 91 86 97 27 70 25 54 91 2 47 66 95 53 67 70 0 75 99 81 11 29 93 10 2 52 9 84 11 10 41 54 13 11 94 30 4 16 11 65 42 12 57 27 29 39 26 53 23 94 3 95 21 81 52 28 9 7 67 56 26 45 2 99 54 90 
94 83 50 87 33 40 42 16 79 72 85 51 17 24 74 61 17 88 21 15 62 11 63 90 95 20 0 71 86 65 35 99 43 41 17 22 48 85 32 67 83 67 31 72 94 39 91 48 60 91 96 44 30 31 2 42 43 14 39 73 93 29 37 69 98 78 62 58 58 81 28 73 72 62 12 95 9 50 2 15 58 80 6 19 72 56 31 99 13 88 98 26 23 
99 83 89 38 24 71 30 53 11 9 82 29 51 74 19 28 88 68 34 21 79 12 57 45 73 16 85 10 97 68 62 1 63 34 48 81 58 85 18 32 60 11 94 75 69 14 21 97 74 9 1 49 69 20 85 84 79 69 51 46 41 7 14 98 4 33 4 17 40 21 43 72 91 71 84 94 72 44 4 95 71 84 15 68 32 92 87 1 93 34 75 57 68 
14 17 22 98 93 94 52 66 81 16 96 50 93 38 21 68 61 76 7 32 5 34 28 54 90 60 76 56 69 4 66 15 21 32 66 51 69 62 22 32 79 78 4 27 80 43 13 30 35 18 8 85 2 28 94 6 75 87 6 24 37 93 19 20 32 86 17 29 46 39 17 46 17 88 40 14 57 54 79 48 67 5 34 33 16 26 94 96 32 69 58 96 32 
64 58 65 7 27 7 49 24 79 11 9 37 74 0 81 31 76 76 88 50 86 73 97 49 29 4 92 72 13 72 18 58 39 11 37 97 96 64 30 18 57 5 96 1 1 25 14 90 42 91 13 58 28 9 45 53 19 8 6 46 32 73 95 20 55 96 88 52 64 77 73 44 20 3 7 67 68 94 45 80 66 67 63 85 39 75 20 51 77 73 83 80 9 
83 70 82 0 63 50 95 40 1 58 39 98 17 70 25 88 48 43 74 65 67 78 57 20 78 99 68 87 16 50 40 16 32 57 63 18 6 83 82 39 0 0 59 21 66 45 5 68 22 40 75 87 56 95 12 3 3 30 39 24 77 62 8 2 36 84 3 13 74 20 93 77 83 36 91 95 64 60 66 28 84 20 65 96 90 52 28 58 80 44 65 62 31 
53 27 26 5 21 35 97 54 51 80 71 53 14 23 78 41 24 23 93 66 90 64 40 28 15 35 47 35 66 14 0 28 2 72 64 81 26 67 50 29 30 72 9 6 21 77 75 58 80 10 2 28 27 61 6 28 11 31 22 4 24 61 57 34 42 1 77 64 8 90 63 34 68 19 45 14 10 14 30 46 43 6 40 67 98 99 20 88 40 6 2 13 33 
22 35 82 63 97 77 84 46 57 58 74 85 62 49 94 61 96 35 10 63 31 94 18 45 19 28 77 90 99 75 52 58 26 8 68 19 64 14 3 25 51 81 45 21 17 81 45 85 95 29 87 84 28 88 38 5 25 64 14 17 97 30 92 67 92 25 43 68 26 22 40 25 45 70 10 81 4 20 91 39 58 82 63 24 35 31 45 61 92 22 93 50 66 
26 58 95 81 87 21 24 42 17 71 33 78 3 87 59 92 38 96 63 86 53 74 0 19 90 85 43 8 95 48 47 89 19 36 15 49 28 52 90 58 70 17 14 11 65 90 85 67 4 29 60 2 85 98 81 20 98 50 28 58 19 56 82 66 2 40 15 99 1 1 99 65 77 49 31 43 60 24 98 42 25 25 99 99 40 69 74 10 10 18 51 38 94 
9 38 77 30 61 26 64 93 11 45 35 47 39 54 71 60 93 14 74 57 37 67 57 40 48 95 89 11 15 49 99 8 87 3 29 24 84 13 35 42 84 57 72 91 63 93 7 85 0 93 25 21 23 2 99 82 71 32 69 76 88 18 94 29 21 70 32 7 80 59 41 47 46 40 92 46 58 40 21 47 38 59 40 44 97 93 81 91 38 69 34 57 85 
6 50 5 68 93 73 56 17 26 5 20 22 77 63 15 91 77 72 82 83 77 60 11 2 47 48 89 36 74 36 51 19 72 20 40 96 70 80 58 39 92 55 44 64 12 77 18 14 25 90 97 95 30 43 29 67 70 88 73 58 0 79 85 81 28 95 65 53 95 17 9 79 81 81 61 59 5 79 16 44 43 95 58 46 1 39 83 59 75 96 98 96 74 
75 19 31 96 64 94 91 50 36 90 84 58 9 17 29 96 27 16 24 1 1 35 67 48 70 72 10 46 32 14 90 20 93 30 42 42 6 73 65 50 37 64 14 63 3 37 72 66 74 71 54 88 5 86 40 98 50 36 76 34 5 68 95 70 83 66 28 91 74 55 8 59 60 11 17 32 32 17 61 81 8 52 70 24 5 17 15 80 17 0 98 15 39 
