81
26 58 93 2 94 86 80 83 7 85 80 57 90 52 46 14 70 29 96 58 46 8 89 26 77 52 18 48 27 34 12 87 22 71 55 41 0 25 8 16 64 57 59 38 57 16 92 55 22 0 1 65 77 52 98 72 71 61 0 72 32 17 40 72 72 6 19 77 57 9 75 80 9 87 9 1 33 1 43 69 20 
83 74 15 61 84 64 3 0 99 67 43 27 89 50 60 18 79 54 29 34 97 73 15 59 81 79 6 97 47 49 39 39 59 55 23 55 55 71 95 98 34 28 98 17 68 58 25 67 19 14 82 70 27 70 61 56 23 92 52 82 48 59 9 19 24 68 10 3 20 55 53 3 31 6 37 6 15 51 89 27 49 
81 96 70 89 46 47 81 84 32 24 11 59 37 96 76 53 10 99 96 88 35 27 50 13 62 11 17 2 67 87 78 74 91 22 13 0 48 31 86 88 40 81 73 8 79 6 29 86 84 99 38 8 53 31 63 84 18 97 18 85 80 7 92 45 50 81 0 29 29 7 48 48 58 13 75 10 5 17 20 92 22 
58 26 38 31 91 33 97 84 35 63 16 35 5 40 6 96 17 10 98 77 6 21 59 8 30 22 11 54 11 76 6 13 84 96 15 1 49 30 71 83 24 57 47 35 34 12 78 72 85 40 40 64 0 38 25 94 60 81 49 55 34 25 20 40 4 7 59 9 88 69 27 52 21 42 94 26 4 59 92 71 42 
13 42 81 57 60 35 50 12 73 17 48 81 35 83 51 83 80 6 22 57 42 72 34 1 38 77 70 1 49 25 36 4 18 98 14 50 89 21 74 74 46 95 20 29 94 82 70 88 94 99 71 34 17 27 9 6 0 63 48 84 11 60 7 94 55 55 77 25 22 57 78 98 67 15 9 96 62 90 6 92 94 
92 49 41 50 27 29 22 25 6 32 9 79 53 20 53 31 21 59 12 8 21 4 39 20 73 17 36 76 90 94 99 23 19 95 72 57 60 59 93 20 80 29 12 22 49 23 44 98 23 67 37 9 65 42 90 54 45 33 63 50 63 82 88 82 26 79 37 10 19 34 56 46 7 9 69 32 79 25 33 6 99 
91 2 23 60 3 90 81 19 25 19 65 20 10 44 54 19 63 87 33 99 6 67 86 17 98 41 97 92 65 78 24 67 53 51 81 50 23 45 44 79 96 63 29 33 23 99 24 24 84 67 30 16 3 50 53 87 57 50 29 71 24 27 90 20 82 90 78 80 43 84 19 92 87 7 78 99 32 4 79 99 10 
87 61 59 6 24 59 29 29 86 25 44 45 37 0 42 46 32 36 89 86 14 96 68 15 76 9 37 61 84 56 37 41 52 90 56 58 26 99 59 60 76 87 68 60 88 81 13 16 2 21 62 12 53 92 1 5 48 84 83 43 99 99 50 16 7 2 42 31 95 57 97 0 68 76 2 13 80 90 69 70 43 
19 10 49 34 37 48 0 49 48 86 45 44 39 46 5 47 67 93 38 52 26 7 30 58 76 67 84 16 86 10 22 82 5 61 82 64 99 42 14 58 42 10 35 64 84 93 98 48 90 41 38 53 98 88 10 59 36 98 82 85 66 16 89 86 71 16 2 16 30 65 77 55 72 50 58 11 3 18 27 62 15 
11 43 21 72 70 51 69 14 15 22 58 37 7 30 80 4 22 5 30 52 98 55 56 59 6 28 92 44 3 10 13 35 11 13 21 16 71 67 94 80 47 21 48 64 2 27 9 10 68 64 86 12 49 72 81 20 38 23 84 98 63 1 82 80 11 69 41 79 97 0 49 40 26 29 79 74 95 38 26 52 33 
98 47 28 14 66 47 69 71 79 35 22 61 69 79 19 2 70 93 77 38 75 14 76 26 48 66 44 60 88 37 70 77 67 57 48 68 19 8 28 13 98 12 47 66 98 62 61 29 72 40 33 51 64 49 26 37 49 75 26 18 89 4 28 65 7 86 65 5 48 18 47 50 38 16 62 55 36 42 84 54 60 
18 12 56 50 82 48 71 5 99 15 10 88 50 38 80 91 4 86 80 61 36 68 61 50 27 38 82 46 67 26 57 85 81 37 45 42 14 96 55 27 65 23 58 59 55 8 3 34 59 44 12 70 54 70 99 83 12 96 64 50 25 93 1 3 59 65 22 85 3 84 57 83 79 7 43 56 28 74 93 28 49 
39 2 74 24 44 62 27 20 99 29 42 49 15 38 50 40 79 7 76 11 95 98 1 45 19 17 64 55 92 6 14 76 6 95 51 3 8 78 88 42 40 81 42 97 94 41 23 34 52 68 30 33 84 9 50 1 94 31 30 70 34 59 83 65 14 5 59 49 53 98 62 4 58 15 96 51 36 61 57 7 83 
48 41 29 85 54 93 97 1 47 68 63 76 75 19 39 50 97 3 76 58 90 91 19 98 69 54 58 19 70 96 7 85 53 47 51 1 6 70 10 23 28 48 56 50 43 18 87 66 87 26 23 17 86 69 94 99 10 70 70 73 25 61 76 2 13 46 76 52 1 69 3 52 41 19 68 44 78 61 76 36 71 
37 30 13 11 87 67 78 61 13 19 9 73 19 68 45 2 54 58 1 21 7 5 18 52 17 92 91 85 83 44 57 53 77 69 62 25 14 63 91 80 10 33 74 19 90 23 42 54 89 11 10 37 59 48 38 87 38 10 81 90 72 57 12 24 28 40 8 95 20 41 85 41 36 33 34 86 22 71 42 58 57 
14 38 46 2 67 87 19 65 92 7 36 73 39 86 70 6 20 74 45 95 91 80 5 98 33 36 2 36 33 73 18 99 23 93 86 42 63 38 41 63 52 77 0 84 12 34 10 93 23 82 72 7 30 1 72 69 35 12 8 31 8 66 98 75 22 31 60 69 80 94 47 52 52 64 77 91 57 66 11 51 19 
63 75 86 97 32 30 57 34 46 12 91 34 46 50 61 28 36 49 90 33 65 58 28 27 70 28 30 57 14 50 85 15 93 86 86 98 8 91 74 98 93 44 36 76 56 66 88 35 68 24 90 23 47 10 38 21 28 83 39 26 83 88 83 87 80 86 90 10 2 3 87 71 15 26 11 10 64 94 77 69 31 
74 23 77 57 78 76 39 79 45 44 45 24 55 48 79 52 79 90 8 93 26 93 66 43 86 35 63 88 65 40 61 65 34 31 89 42 72 16 75 13 67 33 90 50 72 22 56 13 59 3 25 10 12 44 45 85 83 85 64 25 21 69 99 46 92 90 84 83 99 63 27 12 80 0 28 65 15 83 12 8 32 
60 89 88 60 56 58 21 29 87 44 70 12 72 3 30 33 78 37 80 70 12 74 42 17 91 0 88 52 4 53 83 22 57 63 76 84 88 92 35 25 3 49 76 68 68 57 45 65 41 10 12 23 5 96 89 13 29 9 47 58 25 18 67 88 83 40 65 74 78 43 83 38 60 44 54 47 34 81 12 38 10 
84 80 64 96 17 67 16 14 72 60 27 73 19 4 82 44 84 24 55 8 43 17 97 75 4 26 34 90 64 89 90 26 39 91 54 86 9 6 35 79 97 84 50 34 44 98 13 38 18 40 31 31 17 25 81 83 63 0 77 48 61 81 33 15 94 69 49 47 64 61 57 99 36 65 94 78 61 14 44 41 23 
90 3 78 87 84 62 12 70 21 84 99 32 28 21 59 14 32 37 2 87 47 94 70 36 47 85 10 35 30 0 19 67 46 49 19 55 20 17 2 4 64 51 9 81 3 65 98 30 85 82 36 25 62 39 92 74 13 61 77 48 11 67 10 45 59 26 8 92 54 21 14 90 86 38 60 32 80 58 34 67 67 
64 34 26 73 28 14 13 28 15 93 38 29 96 97 30 5 13 82 2 86 15 6 28 47 32 48 17 96 18 57 33 79 71 89 54 87 44 35 54 31 11 20 36 49 49 89 46 37 0 41 93 12 10 89 58 34 87 23 85 48 85 54 24 72 91 64 73 46 59 59 37 31 53 59 74 65 86 65 8 91 62 
92 61 93 10 28 11 92 53 31 91 34 82 81 39 40 11 22 7 53 69 87 81 68 97 26 89 3 19 33 17 70 6 61 98 99 88 57 87 68 60 62 47 64 33 87 59 39 17 34 25 12 75 74 15 8 95 0 87 77 49 73 93 19 38 26 9 63 47 27 16 22 46 38 97 24 95 91 83 82 71 81 
66 15 37 44 11 30 71 34 82 97 0 66 51 89 88 72 45 38 16 2 36 68 20 15 21 40 99 65 80 64 35 23 21 34 2 17 49 68 80 33 24 5 59 10 48 77 93 98 2 94 18 11 32 11 38 75 43 30 97 10 2 42 47 15 24 13 86 94 80 2 0 22 95 87 10 48 12 54 57 30 80 
1 17 88 63 25 48 64 32 44 30 9 56 12 84 91 23 56 90 54 36 33 97 16 62 33 69 9 26 97 60 2 71 45 14 64 70 34 58 99 54 32 94 94 47 37 6 33 32 31 9 53 83 17 89 14 46 65 9 63 63 77 90 51 91 0 80 48 61 6 72 0 7 64 23 13 71 73 13 78 20 62 
79 48 51 93 74 79 77 50 38 97 66 63 39 61 49 24 12 26 23 27 98 47 78 79 31 59 75 41 93 49 8 29 29 2 84 90 9 24 45 63 31 99 33 82 51 67 16 47 41 25 37 44 19 63 15 8 74 86 32 49 73 24 51 16 2 47 16 71 98 65 72 10 96 82 42 3 46 55 55 4 87 
53 39 7 45 25 26 65 43 97 30 64 83 73 9 67 99 91 85 28 41 13 20 46 97 68 93 65 55 99 93 54 67 22 40 44 74 97 88 5 58 65 5 87 2 93 30 90 75 7 7 99 38 30 40 71 28 71 27 25 64 96 75 87 20 21 57 4 76 83 99 4 92 32 12 61 65 20 66 13 18 6 
84 77 41 82 40 25 26 11 12 71 75 50 2 22 19 33 50 55 53 14 77 66 12 85 83 43 77 13 25 36 29 0 50 28 34 18 13 35 33 3 72 34 26 76 30 42 99 59 54 60 6 12 97 91 91 52 28 24 67 30 32 0 92 98 25 60 48 5 9 31 68 83 62 30 83 47 36 73 37 69 30 
71 39 15 43 70 20 54 4 89 97 81 38 87 73 66 46 9 53 33 42 8 28 63 50 36 87 19 43 98 36 81 57 85 12 44 31 97 31 94 42 77 24 63 38 46 78 18 53 57 83 20 22 10 52 43 90 60 22 16 67 9 56 50 53 14 33 82 54 99 37 12 0 97 4 28 90 98 99 42 10 35 
48 87 31 61 24 0 52 89 32 2 68 2 10 41 64 81 10 39 98 4 21 96 3 41 21 27 74 53 83 36 20 53 26 10 28 57 33 69 97 80 29 92 42 12 53 65 10 87 15 29 37 48 0 79 27 32 79 46 28 32 22 30 48 99 86 1 38 70 15 31 4 32 29 27 86 85 93 42 80 75 91 
93 78 79 85 16 59 42 81 7 9 36 61 88 62 50 40 83 71 52 12 64 94 90 83 15 22 36 31 88 34 86 56 19 5 26 12 83 56 48 41 74 86 67 15 76 33 14 88 17 33 7 18 66 3 1 1 36 56 5 79 16 16 11 36 62 74 31 30 9 74 26 49 65 54 99 52 64 86 50 30 83 
18 60 21 40 54 46 1 78 67 40 59 65 17 83 68 32 37 3 94 37 60 15 35 15 25 62 61 95 16 82 78 89 24 93 0 43 88 44 13 88 95 33 33 55 98 13 77 43 86 54 25 7 3 67 89 3 11 58 58 53 80 27 32 78 74 87 11 10 81 76 55 35 76 37 65 2 10 62 53 60 70 
88 34 35 90 43 36 82 8 94 78 71 58 5 99 64 92 70 87 81 17 62 64 51 50 18 90 19 90 9 29 11 84 73 89 86 94 67 1 71 45 65 85 92 70 39 1 61 95 70 11 48 55 88 0 84 18 61 52 77 78 23 49 11 16 34 67 67 43 70 22 40 64 37 87 16 75 26 88 42 89 84 
60 32 7 81 51 73 95 98 32 44 82 56 77 89 94 53 91 66 37 41 88 67 27 21 21 27 38 37 77 54 72 98 89 0 11 43 17 47 88 41 29 5 9 91 12 13 70 59 54 84 95 19 50 89 53 24 11 98 98 53 69 43 3 21 2 20 37 94 42 26 35 42 12 75 84 40 36 11 56 69 71 
96 86 89 2 22 26 76 39 0 76 29 54 91 18 22 92 68 17 91 18 70 59 98 96 22 46 60 12 99 57 17 78 34 57 70 51 74 90 20 76 17 40 38 97 31 73 27 6 61 65 94 0 63 33 43 61 86 36 91 19 4 92 93 8 46 37 11 44 20 66 8 43 86 81 83 54 47 76 18 80 50 
82 38 98 92 75 34 88 80 38 8 7 43 69 47 53 1 86 28 47 90 92 91 26 14 80 69 76 14 40 9 3 75 43 36 46 82 83 72 28 55 87 44 58 36 64 89 67 50 24 43 70 54 50 59 65 49 65 16 33 34 87 54 39 49 94 83 30 9 16 59 98 51 28 74 77 7 73 17 96 77 6 
23 95 16 71 51 54 15 59 83 40 41 79 83 47 39 84 60 0 17 57 53 17 57 25 27 56 23 84 21 52 26 20 10 64 74 51 83 20 53 31 6 36 68 71 38 43 85 69 70 49 21 73 56 97 0 33 54 39 62 82 47 62 66 96 60 46 62 14 19 44 70 81 22 83 74 71 9 63 63 32 66 
17 18 61 41 99 48 25 12 86 98 5 33 62 8 16 78 85 82 96 3 80 98 69 19 7 89 63 54 84 34 50 7 48 76 34 29 26 57 69 40 77 60 95 30 29 33 97 40 17 55 50 31 68 74 90 20 14 63 23 48 66 33 7 62 66 75 5 27 31 4 64 15 12 87 43 21 78 23 86 33 14 
28 38 91 67 53 96 45 90 93 24 46 72 8 46 78 7 87 40 50 89 80 39 4 50 73 85 84 73 88 8 78 64 20 46 27 13 71 49 99 28 91 57 78 70 96 52 20 74 63 85 84 89 69 38 72 9 20 89 94 47 3 91 62 58 98 73 0 39 68 31 98 4 88 10 19 33 24 96 55 57 48 
43 75 25 88 40 10 43 45 4 90 28 49 78 10 78 99 59 36 52 17 86 69 18 30 3 37 40 84 7 4 95 94 26 41 56 64 50 23 70 24 68 18 87 97 82 9 86 43 24 8 52 81 63 29 70 99 92 44 27 60 29 15 31 29 27 73 83 53 32 55 0 4 15 25 72 63 79 83 52 41 1 
84 88 96 98 1 75 0 17 3 31 33 82 35 62 0 36 23 33 71 61 5 98 98 24 51 95 47 72 70 10 67 88 44 95 3 43 46 15 93 14 48 83 42 69 92 61 77 3 2 99 63 62 81 52 43 15 72 73 90 66 32 81 15 23 9 54 4 77 47 92 5 48 58 56 19 43 52 98 38 31 36 
15 68 91 65 78 96 96 20 38 79 57 33 85 98 97 45 56 57 33 1 64 9 82 37 93 85 55 16 98 16 60 84 12 30 63 34 72 0 88 75 0 46 80 50 10 12 94 97 86 6 87 52 65 81 80 57 6 58 22 6 41 14 58 34 59 21 55 74 6 74 33 21 78 99 20 50 24 0 94 2 83 
85 22 47 36 17 42 6 56 44 24 34 35 38 73 46 67 86 98 89 28 21 5 34 37 63 81 38 63 31 69 18 47 32 7 86 78 81 76 0 39 19 24 95 59 10 1 80 41 60 38 74 33 86 99 30 35 69 30 42 22 65 56 51 91 7 97 86 93 72 55 39 61 41 11 82 51 79 27 60 43 12 
89 90 15 9 51 29 28 9 28 53 11 14 93 31 22 64 98 35 94 11 45 91 24 88 17 30 29 29 74 38 4 48 47 8 68 25 61 15 94 76 10 7 93 6 2 92 80 5 43 12 68 34 92 61 4 88 58 20 15 71 14 30 94 58 29 61 81 67 5 84 8 25 33 25 87 8 86 56 62 9 59 
13 49 1 59 35 64 75 5 39 67 98 51 12 85 65 23 88 39 84 7 88 35 20 73 91 66 62 53 9 80 60 76 27 96 12 86 30 40 27 26 96 95 58 69 88 45 54 97 62 88 25 36 76 25 9 18 88 63 18 80 45 68 99 23 66 25 46 93 2 5 39 95 23 17 95 88 6 91 20 62 67 
85 13 79 34 78 21 15 25 8 76 93 50 85 13 27 57 7 52 4 43 86 91 42 95 42 65 45 14 7 47 39 18 58 91 68 19 5 43 97 21 98 42 78 39 48 58 94 77 15 62 24 22 84 12 7 20 70 15 26 48 95 47 43 15 87 78 3 31 22 31 59 73 85 26 65 39 71 70 49 5 34 
59 23 97 34 73 40 19 33 87 85 64 54 33 99 7 7 23 32 47 81 98 55 0 93 13 8 4 29 14 51 26 74 57 87 65 72 30 3 43 35 31 45 15 45 99 43 26 80 18 99 73 27 14 90 95 61 23 14 77 23 45 70 79 40 10 71 3 39 51 64 30 15 43 6 3 62 40 46 75 81 46 
73 79 52 70 51 69 7 44 71 62 44 39 31 77 12 3 11 61 42 49 17 29 67 33 28 85 29 73 81 66 13 45 41 43 75 79 24 11 90 15 96 10 61 33 33 71 86 44 92 41 5 31 52 46 78 83 4 10 56 60 60 32 41 1 75 19 24 87 34 64 97 6 63 19 61 2 41 22 62 80 88 
53 33 13 77 33 71 10 45 92 62 16 3 1 38 23 79 25 24 89 4 93 82 19 2 84 88 30 23 73 44 61 45 95 98 56 53 5 79 14 14 88 76 69 93 44 98 35 33 3 50 49 59 57 99 38 36 53 55 65 78 85 51 85 85 93 99 7 52 55 55 23 49 47 24 84 6 30 90 36 41 51 
94 71 11 65 29 41 85 26 10 92 27 70 37 33 54 81 52 70 42 42 33 89 33 3 50 91 28 62 58 67 68 67 93 16 83 9 40 54 13 67 95 66 14 35 0 92 51 73 93 30 90 75 6 3 34 70 80 21 45 25 2 56 24 29 51 95 25 56 92 86 24 8 44 59 34 76 26 72 41 51 63 
49 61 77 18 50 65 6 33 75 17 38 30 79 55 75 42 80 6 35 9 89 71 65 13 4 76 75 65 39 42 46 98 33 7 93 21 50 48 37 30 47 38 98 18 72 12 28 64 12 57 77 95 59 12 82 16 60 32 65 78 70 23 53 73 98 7 18 90 50 13 97 61 48 18 24 61 34 31 63 5 66 
88 90 38 12 73 71 0 79 77 28 49 61 1 78 32 70 30 37 59 12 83 36 58 58 45 69 21 86 52 22 12 58 95 55 45 39 49 52 2 97 20 76 74 48 47 12 76 95 3 70 63 26 50 37 12 61 45 13 8 84 92 32 89 37 20 48 90 5 80 33 4 7 65 0 93 2 65 95 44 8 75 
83 45 53 54 43 15 86 48 99 28 24 49 53 77 21 13 32 3 62 62 27 38 28 91 69 6 64 7 10 88 73 50 63 87 24 35 68 28 24 46 19 99 46 69 29 79 64 70 72 70 57 12 68 11 44 67 38 1 26 21 63 61 47 24 88 39 61 78 43 82 76 97 82 90 1 3 95 60 6 77 75 
73 16 4 37 43 40 9 0 49 36 88 93 82 41 84 87 22 18 58 7 57 68 71 36 77 6 59 9 87 21 68 62 41 13 76 82 95 14 76 66 96 53 83 8 8 63 47 31 32 92 70 86 90 78 76 64 68 57 93 50 8 91 39 96 98 57 71 0 10 84 21 65 56 30 77 28 66 74 48 4 33 
3 40 55 57 5 17 98 47 30 70 90 56 63 32 2 60 39 9 53 92 66 72 84 83 43 24 73 64 1 80 75 81 43 91 94 96 42 74 4 50 52 88 85 54 70 73 44 79 73 70 10 90 90 16 36 31 4 75 79 7 80 31 96 36 35 88 43 97 80 35 63 36 0 33 95 87 95 82 41 63 5 
30 68 32 70 18 61 29 9 31 54 15 43 24 34 74 32 33 74 32 31 23 10 7 70 44 0 74 62 32 41 96 72 50 89 64 74 97 90 9 73 26 98 34 3 5 2 23 58 32 27 0 31 95 94 66 82 17 24 67 91 31 41 77 70 9 83 17 8 22 63 99 21 6 43 94 71 75 55 98 93 27 
10 65 53 86 94 32 44 4 40 91 50 15 53 44 27 54 92 64 18 77 13 63 33 17 25 27 67 85 50 21 8 0 15 16 92 14 19 38 7 65 30 17 76 91 64 43 34 39 34 87 39 50 80 57 5 1 41 52 19 17 14 78 33 70 50 56 88 80 16 25 32 12 87 66 68 4 10 32 32 27 83 
53 63 28 55 36 37 21 45 5 8 11 16 14 78 81 75 78 61 47 43 35 51 42 63 53 75 17 81 85 5 35 73 27 11 68 67 26 64 1 14 67 5 21 20 73 44 42 22 53 4 93 68 1 72 90 6 70 92 48 38 51 33 89 27 76 66 37 71 45 7 78 16 33 87 21 73 12 34 31 99 69 
28 47 24 27 46 88 65 50 63 7 71 14 84 31 60 57 16 24 52 79 94 62 36 96 56 15 87 29 42 14 46 27 1 64 46 57 27 76 2 60 20 74 60 46 49 19 74 69 57 97 29 82 33 11 8 95 98 49 35 44 10 42 72 42 32 21 15 2 33 94 94 37 47 62 28 79 41 95 60 60 58 
16 7 11 51 44 73 62 24 9 17 7 3 43 75 86 52 46 11 4 12 30 42 68 85 7 4 1 84 98 37 79 78 80 93 86 1 33 56 62 59 39 28 61 5 93 20 60 97 75 65 94 50 77 0 82 93 8 71 87 30 69 19 49 97 10 68 0 75 6 99 26 73 85 40 66 27 48 35 40 83 99 
34 47 81 98 41 97 8 47 78 43 18 26 53 7 12 45 55 26 33 39 12 98 48 61 2 53 95 93 61 49 79 35 85 84 59 33 66 0 20 93 81 87 97 39 91 20 34 62 43 63 39 73 57 55 36 95 30 12 99 94 84 79 28 74 18 10 61 26 9 0 87 9 3 49 95 42 77 96 51 53 31 
46 72 82 80 5 11 97 91 25 60 93 61 58 67 17 74 63 6 97 4 35 12 69 80 55 64 61 75 92 35 81 56 47 41 60 47 55 63 88 66 97 73 29 81 80 86 44 45 32 69 70 62 93 20 38 61 26 48 51 69 99 47 43 34 69 10 50 0 49 75 35 42 44 64 62 70 86 51 94 14 1 
33 50 82 85 38 75 1 14 10 12 31 42 94 71 16 2 39 96 13 31 4 76 64 6 15 40 26 50 53 4 6 14 71 83 86 3 30 73 58 99 47 85 25 44 52 68 34 24 95 2 0 34 36 36 43 27 15 80 55 19 64 10 13 91 47 71 96 0 84 92 89 85 83 24 35 9 66 3 5 88 11 
44 52 38 45 27 28 79 64 28 43 54 53 83 69 95 33 85 30 15 5 75 92 52 58 51 25 74 59 92 53 27 27 39 4 50 43 44 38 74 18 78 57 82 67 92 25 36 20 17 63 37 52 99 43 88 15 24 15 67 71 58 65 47 15 38 86 10 56 20 54 64 36 41 0 43 46 61 99 25 93 35 
3 96 45 20 93 1 68 53 93 94 42 14 66 17 51 4 13 23 10 26 80 32 55 9 98 2 7 85 83 17 32 88 65 39 8 97 99 14 43 33 47 41 5 8 51 17 26 79 41 48 96 12 99 72 23 54 21 2 37 57 38 57 89 82 27 4 34 59 68 13 13 41 81 32 91 35 57 30 73 75 33 
37 79 67 59 46 72 20 63 84 36 85 80 14 39 95 84 59 22 54 85 0 1 91 52 62 0 80 7 74 16 54 83 15 97 10 9 4 77 96 27 51 0 32 56 10 64 50 12 52 13 37 9 96 77 89 34 3 25 3 46 4 75 97 90 13 4 35 45 56 24 44 89 96 50 3 22 46 46 51 11 64 
81 97 41 37 79 29 12 60 76 27 89 43 29 49 94 52 96 11 74 79 11 2 68 21 17 41 55 74 6 14 45 35 20 66 20 95 8 17 58 60 91 9 25 69 56 97 27 3 39 37 32 13 42 41 62 25 69 72 3 62 99 0 42 39 97 23 95 58 79 12 65 39 74 8 65 0 70 41 17 42 31 
14 24 38 79 53 98 34 82 14 93 50 95 75 26 23 41 25 53 10 26 6 23 74 67 2 10 93 31 41 92 42 51 70 10 58 60 22 40 36 61 39 66 57 84 93 93 8 10 32 55 71 3 36 26 48 72 85 64 4 65 97 56 67 7 25 9 97 99 65 80 87 9 84 17 81 3 49 91 52 78 15 
53 17 67 44 88 10 29 17 2 37 90 22 13 19 24 58 26 62 94 16 66 96 95 85 59 92 40 99 96 67 13 55 66 27 86 8 6 27 60 71 96 84 72 34 59 32 17 33 20 19 49 1 78 82 9 42 59 20 66 63 72 3 21 23 62 55 32 59 33 84 71 59 55 25 69 51 62 6 6 60 44 
30 42 59 24 22 81 10 78 87 39 37 43 87 80 9 70 79 0 9 79 60 65 65 39 92 61 96 79 96 80 13 93 5 71 86 0 71 30 38 95 38 25 29 41 72 89 11 6 77 79 82 14 11 58 12 19 29 34 9 4 50 37 96 72 66 9 98 74 66 69 65 83 10 69 76 71 60 65 1 41 71 
21 94 5 90 63 25 16 67 14 30 42 85 87 15 9 30 96 92 58 2 5 16 65 53 58 17 99 59 38 96 68 14 18 81 67 48 23 91 45 60 90 15 81 80 14 32 95 1 20 50 28 95 42 15 30 40 42 44 10 32 62 20 22 78 6 44 22 50 22 11 70 10 70 97 78 88 16 40 22 15 60 
78 81 62 16 42 62 26 47 85 40 23 69 21 44 95 80 30 93 51 84 33 29 31 30 62 47 76 55 18 91 80 53 31 23 50 96 0 4 45 2 40 62 77 73 2 37 9 29 79 11 99 42 49 71 25 45 28 13 92 58 55 30 88 67 97 55 76 68 46 68 64 95 49 22 41 0 12 42 96 13 15 
22 99 71 18 3 73 60 98 17 45 74 55 70 75 6 40 5 51 71 15 27 66 54 77 13 99 89 46 42 31 96 42 1 34 23 92 94 67 59 96 81 62 94 49 79 72 82 68 70 35 30 48 69 89 6 31 0 44 20 61 22 68 49 92 96 81 71 85 67 19 94 43 31 68 34 10 22 37 94 9 40 
81 39 1 69 59 0 27 37 39 90 13 73 97 93 30 7 51 74 67 72 61 37 53 33 45 2 17 15 80 47 4 68 28 33 69 28 14 32 97 78 5 82 77 60 76 20 6 37 92 80 87 33 52 87 44 29 52 47 8 45 31 73 20 71 65 64 57 81 68 98 65 41 97 4 67 71 43 34 58 16 21 
65 52 91 18 97 82 81 75 15 97 9 32 76 61 23 31 81 21 65 86 33 35 8 27 17 80 69 51 95 29 63 45 66 23 46 58 7 69 35 50 37 72 2 32 43 75 46 30 78 44 75 84 15 60 34 8 72 95 98 36 30 71 2 89 62 44 17 91 37 4 29 9 50 22 29 15 36 90 22 11 34 
99 56 42 94 22 26 84 9 78 87 95 24 61 89 92 1 70 48 47 54 88 65 94 76 31 69 65 81 90 61 61 50 74 39 44 59 95 54 53 36 13 96 53 57 17 80 22 44 78 20 64 43 55 90 98 34 87 47 26 2 4 53 57 36 0 33 77 57 22 73 22 94 38 64 13 49 25 3 56 2 36 
73 39 96 82 79 79 80 45 82 34 9 91 4 30 91 46 41 19 18 63 62 48 86 35 15 58 15 48 43 77 11 3 22 12 53 14 94 0 63 30 35 64 92 66 24 56 23 44 24 69 20 22 99 65 52 45 95 96 73 10 54 34 31 80 92 7 70 66 18 78 1 89 62 90 68 23 79 32 48 53 61 
82 60 84 39 84 12 87 65 38 9 15 5 78 95 91 94 40 42 70 83 28 61 56 42 95 21 30 76 82 83 50 61 27 85 75 26 10 31 42 11 78 47 87 96 54 70 27 25 83 86 6 80 54 12 96 67 74 15 85 74 40 43 47 36 25 49 61 59 98 80 98 61 22 33 86 51 12 28 21 88 19 
98 10 91 93 48 68 74 64 74 45 15 60 33 99 53 90 42 41 56 45 11 6 46 31 65 65 50 47 86 17 68 82 6 71 27 44 20 18 59 74 53 59 6 58 35 23 0 3 65 31 8 22 65 99 83 93 85 31 14 80 78 26 4 27 1 60 12 16 84 99 37 90 37 78 67 33 99 31 70 48 90 
59 75 25 57 77 12 69 75 51 37 34 30 49 25 81 77 40 94 48 20 98 80 33 58 66 65 17 24 2 59 73 49 41 37 43 43 39 76 69 67 95 40 6 98 53 90 73 68 65 57 53 13 20 46 3 79 91 22 47 35 77 34 70 37 70 82 15 11 2 71 49 47 23 48 70 96 44 68 64 27 10 
21 37 98 5 32 39 50 73 37 82 59 44 68 62 4 73 2 74 54 1 18 95 73 29 43 81 30 71 46 24 45 36 94 83 28 5 92 59 33 93 66 34 12 38 40 43 8 10 61 31 15 90 0 10 6 54 3 12 28 81 29 86 36 85 80 20 97 71 46 2 33 25 77 88 2 4 63 87 1 56 39 
