15
97 96 37 88 84 19 87 51 15 90 16 25 15 37 19 
99 49 16 41 80 31 78 3 62 19 81 84 81 29 40 
81 67 4 43 94 37 97 1 77 48 72 49 53 80 91 
86 49 2 79 67 36 53 33 28 49 40 98 67 59 90 
95 0 30 35 32 32 51 2 98 40 27 52 95 50 99 
28 89 36 79 26 62 18 20 55 99 52 72 71 26 93 
37 18 58 10 95 83 57 74 19 27 16 18 37 83 59 
94 66 10 77 0 35 5 65 26 57 36 11 30 70 30 
84 56 98 6 40 44 23 70 30 87 51 56 7 74 31 
36 85 25 54 52 95 42 12 68 54 8 9 31 38 51 
2 82 86 48 61 24 91 14 98 66 96 29 31 54 32 
81 46 31 53 7 10 92 88 68 22 26 57 27 42 80 
36 62 32 66 20 13 40 94 54 95 33 96 98 5 86 
72 53 77 69 46 30 28 31 29 66 93 38 69 91 66 
9 79 70 20 56 67 29 75 81 47 4 27 46 71 41 
