63
96 79 33 14 93 47 87 73 25 12 83 29 99 4 53 28 58 4 52 40 60 99 38 80 32 11 14 75 91 81 77 81 3 97 21 85 83 15 33 97 40 73 11 84 98 53 43 26 88 45 32 65 73 90 69 26 86 15 42 45 60 36 90 
83 64 39 25 88 88 38 59 22 81 27 72 34 39 26 91 81 24 65 54 10 41 26 92 91 68 97 57 1 62 60 35 81 73 90 86 93 77 84 34 97 33 43 54 92 59 47 29 51 60 87 14 12 73 91 41 87 90 47 67 82 21 11 
75 12 40 1 38 81 97 5 47 76 18 88 21 86 77 47 73 86 51 72 36 35 9 53 85 22 0 45 69 45 44 71 28 98 40 44 51 52 98 45 55 13 58 59 30 59 6 0 19 56 16 23 41 50 92 4 47 13 78 49 42 10 32 
53 64 60 56 96 41 69 12 16 1 38 36 35 60 16 89 5 82 44 49 5 8 70 90 20 21 51 32 34 2 60 56 13 79 11 18 36 82 61 56 34 23 73 83 80 91 5 91 61 83 7 5 85 53 15 9 92 5 24 90 89 57 88 
64 99 79 34 49 41 20 71 73 30 66 5 45 51 64 5 16 2 34 19 95 67 52 12 94 98 28 76 52 52 88 70 74 91 54 97 65 58 98 60 12 50 90 62 69 0 2 21 87 38 87 74 77 44 78 38 63 24 94 47 86 95 22 
1 87 65 9 40 50 7 5 48 41 52 7 37 58 97 73 97 44 42 70 10 82 23 14 45 52 96 34 81 81 81 19 18 94 93 12 75 63 5 43 19 51 77 81 80 98 92 1 4 16 91 22 77 2 77 60 16 24 52 2 67 99 42 
35 5 92 22 35 27 38 51 94 12 38 78 7 53 76 45 75 27 7 15 44 86 57 48 13 32 88 25 36 12 33 7 19 53 8 46 98 51 90 2 29 20 31 69 94 11 84 39 50 17 32 3 80 66 11 83 56 89 48 15 81 80 63 
27 38 67 24 83 64 94 99 53 97 38 98 67 86 73 29 78 2 76 55 35 10 71 52 84 9 38 7 78 53 23 10 30 53 46 52 79 74 34 77 13 77 59 42 88 26 2 9 7 23 74 18 14 45 27 36 31 24 32 25 2 75 21 
0 73 58 36 33 92 72 6 56 77 93 15 32 8 20 39 51 61 78 3 86 10 18 20 3 4 42 39 71 83 9 22 31 44 27 91 62 51 89 3 40 93 37 21 71 26 94 65 15 44 34 8 33 10 17 40 25 16 46 62 72 73 1 
43 21 85 27 15 92 28 71 75 97 86 38 75 48 20 85 29 5 1 4 37 23 61 38 22 2 59 69 74 65 95 23 98 92 31 71 13 35 39 28 52 31 23 55 46 34 73 89 74 69 88 42 90 11 21 17 70 58 12 9 10 94 99 
89 17 74 71 10 9 14 40 81 0 39 24 64 65 46 4 45 3 19 55 70 34 78 16 73 44 29 7 88 84 6 79 10 87 33 15 60 91 69 91 2 21 91 30 9 74 75 90 23 90 19 33 63 14 60 99 15 33 39 9 81 98 6 
68 57 0 83 86 1 62 37 15 66 74 72 56 55 9 66 56 81 59 89 15 70 77 59 94 11 23 93 41 32 80 81 79 47 20 70 25 78 79 54 82 34 35 66 59 65 48 70 76 3 40 53 59 49 44 82 41 49 72 37 47 82 79 
67 86 15 88 80 67 70 29 87 79 79 1 5 30 4 97 0 95 99 79 91 76 86 39 7 28 16 23 88 40 38 67 26 18 3 26 31 77 61 61 17 53 26 50 90 58 82 33 0 57 64 10 12 87 17 86 70 31 54 56 46 23 76 
4 87 55 9 64 42 54 79 3 71 5 74 76 39 34 41 83 21 2 25 15 66 67 32 36 24 82 45 7 56 69 57 73 88 57 78 97 16 10 81 63 6 92 57 14 29 82 36 80 23 22 99 9 22 21 9 34 93 49 53 65 60 53 
24 71 69 19 66 1 19 54 18 48 13 84 33 80 69 83 4 83 67 80 58 80 96 28 63 11 32 91 76 20 12 63 89 9 94 55 53 12 66 97 30 2 9 34 24 34 41 48 64 34 85 98 33 24 1 28 51 44 57 82 80 18 6 
48 44 80 49 52 6 3 49 80 38 55 41 2 90 76 51 18 80 67 48 59 73 42 15 74 84 29 42 4 46 38 39 43 86 80 21 57 59 40 84 58 9 93 2 31 85 74 37 60 48 22 61 6 79 64 55 69 78 41 80 58 22 44 
88 5 90 4 76 28 2 41 91 3 59 1 84 43 99 37 25 46 20 65 51 32 4 36 74 94 1 77 21 1 52 16 96 37 52 50 94 83 3 29 85 84 44 74 2 25 5 52 17 1 41 78 34 10 75 53 6 88 17 17 17 39 88 
74 2 60 53 63 52 43 76 36 76 0 33 81 24 40 23 75 3 24 50 89 76 46 79 91 9 87 39 32 91 61 65 19 20 57 15 86 42 88 11 78 99 88 13 74 39 34 33 42 17 28 88 15 26 45 23 74 69 72 6 67 68 67 
16 90 52 52 32 77 3 54 46 51 74 91 28 40 43 1 70 21 17 24 98 80 63 95 64 75 36 51 31 94 27 48 53 98 64 46 68 60 51 81 74 68 89 49 19 84 79 63 72 0 58 36 4 16 41 52 98 8 52 74 28 12 25 
94 15 37 39 2 93 53 47 25 22 55 60 59 65 78 35 38 81 48 83 89 94 26 4 52 32 27 7 23 51 18 74 16 72 94 88 48 53 58 15 2 69 50 28 89 46 81 29 3 26 16 18 26 80 87 69 22 16 95 11 86 68 12 
49 49 58 10 5 45 4 32 26 95 42 48 55 65 66 14 22 62 62 23 78 80 19 54 99 28 40 44 14 2 81 29 66 63 22 87 61 61 80 50 57 14 38 1 90 85 18 29 76 71 6 35 67 98 46 73 11 52 13 42 19 43 16 
6 58 92 32 83 48 46 51 89 63 49 97 81 65 89 33 61 11 89 63 0 20 0 78 73 81 76 2 33 73 70 24 31 84 53 3 68 22 86 88 33 45 22 26 33 12 84 67 35 22 46 91 44 7 51 89 33 12 78 93 26 6 74 
58 11 61 59 17 64 30 1 75 57 62 55 83 27 8 18 16 59 14 69 42 44 83 18 77 31 64 91 60 15 61 83 84 39 41 60 96 30 58 14 37 26 51 73 78 29 3 84 73 16 6 65 62 29 24 86 90 88 46 43 76 10 98 
70 48 79 79 77 17 11 33 21 53 99 35 16 8 66 70 21 9 39 91 8 53 62 42 14 14 87 78 74 73 22 13 70 21 74 56 9 99 5 11 35 99 90 87 0 69 82 30 9 57 87 45 88 92 71 69 91 31 9 87 60 75 27 
21 28 20 69 11 58 4 5 36 23 3 9 39 33 8 73 57 1 55 22 95 66 87 48 9 40 88 50 50 9 9 98 96 43 96 11 73 39 30 72 56 18 14 92 89 67 10 43 56 96 45 1 93 83 2 89 26 69 45 98 66 61 20 
25 85 76 45 38 65 28 18 97 83 79 99 65 20 26 95 49 80 59 2 3 88 73 44 70 68 75 15 16 16 56 24 90 80 82 43 48 15 24 40 84 37 26 18 49 34 61 15 50 99 25 39 58 60 1 74 52 15 89 97 4 59 69 
9 19 5 93 55 33 57 85 51 1 55 28 44 47 27 26 86 13 75 7 47 43 8 34 52 70 23 71 7 84 16 2 19 30 72 10 8 82 21 69 41 48 83 36 24 25 85 79 31 84 42 76 94 22 40 42 86 56 45 54 22 18 34 
89 5 18 49 80 90 59 71 17 72 62 58 11 66 68 33 70 76 22 74 56 64 62 65 28 47 6 19 86 64 27 42 75 40 83 80 55 29 16 24 41 89 17 4 28 58 92 89 93 15 88 21 44 78 59 55 55 49 8 30 65 16 74 
99 97 60 98 46 32 34 44 27 33 15 83 57 56 13 16 17 17 4 32 37 71 15 3 33 41 30 78 50 85 83 72 6 33 65 9 13 11 60 40 17 97 96 55 46 9 34 57 64 2 5 44 13 22 79 28 60 80 11 69 24 14 3 
17 35 8 46 46 62 42 95 23 70 49 54 13 53 30 73 14 19 24 84 38 8 24 58 67 67 26 15 59 18 75 74 0 9 82 80 44 69 4 76 10 1 93 82 1 47 8 59 96 97 91 18 8 40 41 65 87 11 17 32 78 17 32 
59 30 12 82 43 79 70 50 14 45 54 0 52 56 89 1 99 31 43 27 59 21 68 14 91 89 71 26 20 29 10 18 87 51 85 6 91 31 18 42 9 83 82 32 8 52 85 13 25 59 16 39 99 78 88 22 36 17 0 49 52 64 35 
52 44 18 52 33 7 44 15 68 65 81 21 56 13 19 44 27 97 71 33 49 53 9 16 58 77 51 41 62 36 88 34 79 9 52 0 62 77 75 6 14 99 47 46 3 60 68 91 23 56 24 13 11 35 87 87 89 61 50 39 41 39 91 
65 26 62 68 18 99 71 70 48 7 2 41 98 38 13 59 32 78 33 9 9 55 99 93 47 91 4 34 62 66 82 71 74 37 16 40 61 66 14 55 19 96 90 30 68 45 60 20 25 87 12 79 49 47 81 62 51 5 90 65 72 16 94 
94 79 73 6 62 46 68 94 45 16 31 16 58 48 37 64 55 97 50 41 50 64 32 63 70 59 14 0 57 16 93 72 74 94 45 92 70 0 33 70 48 56 80 7 67 68 28 15 61 35 68 5 1 86 62 59 81 87 63 25 99 44 59 
15 58 85 18 42 53 72 50 35 76 89 2 19 3 65 42 83 73 53 32 51 49 20 25 54 35 7 79 65 2 65 48 22 58 22 19 61 67 5 33 49 18 77 69 80 26 62 21 8 18 77 55 0 66 78 29 52 5 7 78 61 59 78 
2 32 75 32 56 48 4 28 98 84 20 46 53 27 74 25 20 72 18 5 76 86 87 11 86 21 90 83 65 60 74 79 58 2 87 26 70 71 99 80 47 4 12 90 64 47 13 18 59 78 76 20 60 87 49 32 96 21 73 11 71 74 14 
65 44 88 40 22 32 3 97 46 71 52 1 48 27 12 79 6 97 69 73 54 34 54 20 4 35 35 20 43 85 7 16 92 76 25 9 83 15 67 61 45 57 61 79 83 40 59 50 36 40 70 95 38 94 8 60 3 86 84 98 80 34 88 
32 31 30 51 98 53 22 59 41 34 27 75 58 97 62 67 76 33 42 96 28 2 69 72 28 59 39 12 24 16 87 60 73 55 38 60 79 15 49 35 23 25 75 58 42 85 18 40 69 1 56 53 26 77 50 70 68 57 8 58 88 24 74 
43 40 91 36 37 52 51 29 56 51 53 15 97 56 74 3 74 59 15 78 39 91 27 70 78 37 84 94 20 11 4 78 33 96 20 23 53 6 48 22 53 30 26 57 94 38 14 45 82 24 63 81 99 94 40 52 25 67 77 9 64 74 61 
24 83 43 41 73 22 91 34 54 62 92 61 86 71 2 88 69 3 76 6 99 25 44 12 16 41 6 11 81 27 20 65 63 36 31 23 48 66 5 9 71 71 40 50 58 41 63 28 59 77 40 20 56 13 47 71 3 77 21 48 78 28 1 
85 48 5 60 42 46 50 75 29 61 77 76 24 57 43 73 70 89 0 56 28 42 66 24 1 84 50 57 20 24 33 77 98 93 84 39 80 9 74 13 14 99 23 41 44 71 15 88 34 89 85 16 87 68 42 12 10 20 78 2 40 23 80 
25 18 33 7 64 32 90 82 76 52 21 34 34 81 16 15 21 59 87 63 83 0 89 19 14 98 38 28 87 7 67 2 39 30 69 13 71 56 85 25 74 55 68 88 9 84 3 24 38 19 86 43 38 88 7 85 10 61 6 4 17 26 27 
27 89 7 16 79 91 92 50 56 52 99 3 31 87 32 86 53 61 77 54 7 52 38 20 6 40 47 45 63 92 73 9 3 38 95 71 8 1 29 61 63 75 40 46 30 59 18 95 52 25 37 64 5 63 59 14 68 52 64 6 91 15 39 
31 13 46 96 97 24 60 75 86 82 66 15 94 66 90 77 72 87 62 76 51 56 32 66 19 44 39 12 10 47 87 9 3 70 93 45 34 87 38 89 12 64 9 70 95 26 72 50 27 35 48 68 48 29 54 64 20 38 23 44 4 28 91 
50 47 86 47 1 55 6 4 4 37 63 16 90 15 30 80 24 97 72 59 46 54 94 27 29 17 46 86 30 8 28 8 30 24 81 32 34 59 16 29 75 99 33 84 47 68 38 23 72 42 82 56 14 33 41 48 15 66 60 95 59 51 62 
22 63 66 71 1 58 70 17 19 67 44 71 39 70 18 27 49 14 18 36 62 32 38 78 72 81 79 71 78 7 88 22 13 18 41 35 21 79 61 17 43 47 70 64 7 77 96 20 37 29 49 4 28 48 16 95 57 25 64 28 43 67 0 
72 92 18 5 14 88 28 28 93 64 96 98 98 75 69 70 41 64 45 91 8 0 74 44 10 28 87 56 95 43 57 90 97 4 40 54 48 22 61 50 52 51 5 88 71 79 63 49 94 38 11 68 24 6 39 85 18 52 44 97 99 88 2 
98 8 96 59 79 33 35 53 55 54 88 43 28 40 83 53 84 80 62 71 63 78 0 45 39 32 95 76 57 50 52 75 69 2 49 9 86 68 87 98 55 8 34 25 10 9 91 69 36 58 73 52 94 84 43 53 59 39 62 42 58 78 82 
18 94 73 7 62 86 34 7 3 99 49 11 24 30 45 35 41 72 12 47 11 67 71 64 64 4 67 24 55 26 12 94 85 42 27 38 83 14 91 97 40 39 57 96 11 32 38 56 39 64 79 47 95 32 71 74 80 15 52 66 22 10 15 
72 90 16 96 93 71 39 35 67 53 58 8 12 23 28 6 61 93 45 94 14 13 23 24 61 15 27 90 68 56 78 13 12 3 25 14 28 51 25 50 88 58 36 63 89 8 97 70 74 97 2 13 71 16 29 5 33 91 4 94 21 64 66 
28 15 83 48 91 5 63 89 67 84 99 58 81 43 61 73 85 7 5 16 80 68 41 18 76 38 74 59 51 18 27 18 57 16 61 17 86 70 2 17 51 96 56 47 26 92 70 14 49 32 87 62 36 70 15 34 87 44 46 43 66 83 80 
22 16 70 75 73 47 32 56 77 10 66 13 71 59 50 24 45 48 17 58 44 16 68 67 93 78 36 69 81 61 71 36 94 5 35 84 11 87 30 90 87 48 68 54 7 55 33 55 47 39 11 37 91 36 52 12 63 11 24 85 16 22 55 
30 50 11 86 47 95 73 9 88 26 28 97 39 26 22 51 62 62 90 9 46 26 33 27 31 32 12 74 68 92 41 47 47 81 71 52 38 90 77 37 25 54 0 40 12 45 84 86 18 99 68 46 88 26 22 41 19 67 91 93 44 30 96 
86 95 69 25 15 48 96 4 41 62 78 30 44 21 39 62 78 90 54 7 80 55 26 19 85 53 70 70 89 19 1 93 25 57 32 77 89 49 87 8 46 70 28 19 18 34 84 83 97 23 30 33 63 78 66 36 28 57 91 45 95 84 58 
99 88 65 55 7 24 96 78 23 40 54 10 66 19 12 1 35 97 56 13 51 21 51 67 30 73 30 23 98 49 19 28 19 50 80 66 74 62 15 82 41 90 45 45 49 20 29 73 38 82 22 22 89 15 45 49 84 29 96 55 47 45 75 
4 67 68 50 93 27 90 61 1 96 77 64 86 86 19 46 33 17 9 24 84 66 82 44 58 82 16 61 21 49 62 62 33 53 29 70 48 22 41 94 46 94 29 58 79 90 90 36 12 43 22 39 61 67 97 84 92 81 49 62 90 88 72 
55 23 44 23 84 11 67 37 14 54 14 89 16 53 44 96 61 55 33 49 10 83 76 60 49 59 56 82 17 98 60 15 6 91 81 64 82 62 93 31 97 24 85 74 42 36 66 25 54 57 1 77 14 87 85 3 27 2 59 80 94 53 4 
35 39 24 47 80 69 49 9 48 15 61 53 12 79 31 38 78 96 10 29 23 3 73 94 50 74 61 98 38 64 2 21 72 30 38 82 84 11 7 67 11 56 32 4 14 35 96 1 1 97 27 40 63 80 97 50 5 82 41 74 82 68 67 
3 95 43 46 30 80 44 78 63 32 92 73 46 57 87 66 91 80 91 63 87 68 13 51 30 61 63 5 50 41 81 27 30 67 26 80 64 96 87 0 61 31 87 81 33 64 63 40 80 26 4 78 97 87 67 15 90 13 29 53 2 50 96 
85 81 8 31 2 19 47 49 87 88 12 62 19 63 16 46 0 51 79 62 45 70 15 18 5 30 81 49 18 82 70 68 86 38 38 90 58 55 90 30 93 9 32 83 0 47 61 48 52 93 95 59 40 50 57 5 81 78 53 85 68 11 37 
66 47 71 69 11 28 0 32 44 83 76 17 75 3 14 31 18 49 74 6 21 30 2 33 49 70 65 65 22 61 52 82 42 62 77 93 34 87 47 62 74 1 53 21 50 25 50 45 52 83 66 17 78 55 33 35 13 86 40 57 72 43 89 
82 58 56 67 35 51 35 87 68 26 3 11 91 12 76 97 48 57 6 81 6 76 99 95 14 93 63 79 86 16 98 99 25 17 17 35 21 50 93 60 62 56 93 55 59 78 99 3 27 62 26 42 95 10 47 88 19 71 91 13 34 20 89 
45 62 73 25 75 33 55 52 79 83 73 83 77 61 10 31 26 28 70 87 6 43 84 99 13 33 20 64 16 99 97 4 83 66 30 64 0 86 51 25 19 24 1 56 69 14 2 46 96 96 18 5 81 26 45 45 57 81 31 83 14 64 48 
