96
84 55 42 9 39 88 42 72 9 58 60 25 81 21 70 32 51 91 64 79 65 76 77 27 95 17 28 7 78 10 79 12 86 50 75 89 55 51 81 98 60 74 97 25 51 96 45 28 73 50 65 54 3 63 41 8 60 49 49 0 34 96 96 6 47 75 80 76 40 91 95 36 4 90 75 36 47 69 76 13 54 11 11 41 20 66 91 48 72 35 88 62 70 90 43 68 
96 0 92 28 29 62 45 58 73 27 81 73 0 46 81 44 61 21 70 27 51 62 26 70 95 76 41 76 53 78 18 16 29 20 76 49 67 83 91 77 82 0 34 53 30 5 46 27 58 52 95 45 40 85 79 30 44 55 17 43 64 62 55 64 59 64 27 72 41 81 84 35 49 18 41 4 70 83 52 76 48 93 5 90 25 48 42 24 33 8 87 23 6 23 11 27 
64 71 33 73 80 98 21 22 97 84 71 33 12 84 39 2 77 12 92 80 3 46 11 24 49 40 63 91 56 13 97 73 89 81 2 80 3 92 46 45 90 82 58 90 47 92 23 49 52 39 64 45 64 61 13 83 40 62 49 60 5 56 39 82 51 51 91 36 15 12 91 16 48 73 5 76 40 43 87 13 69 92 26 85 92 12 41 56 78 87 86 53 58 47 71 54 
96 65 43 42 36 15 48 71 43 85 60 70 98 72 48 67 16 79 29 33 62 43 3 50 43 26 97 0 31 8 98 74 5 89 46 50 40 51 28 99 99 44 12 22 6 69 30 1 37 67 38 73 95 65 31 91 32 63 86 79 39 34 28 68 3 78 88 47 2 97 28 14 40 68 96 85 71 97 65 29 48 96 31 97 90 39 41 14 67 15 62 46 46 4 69 86 
16 41 26 82 40 8 48 6 3 45 64 10 34 19 12 66 37 67 14 4 4 2 8 24 57 89 76 2 49 32 84 3 50 96 75 94 27 62 40 78 58 66 77 18 30 5 93 52 64 99 2 71 20 80 53 75 6 6 0 39 20 68 14 59 80 70 36 64 42 30 52 66 90 99 10 49 32 29 98 19 25 37 36 37 23 22 76 73 90 17 82 29 42 13 31 23 
89 28 47 36 89 79 43 98 83 73 19 38 19 96 60 92 44 12 10 15 41 44 49 9 29 70 27 95 4 75 67 17 71 57 2 2 66 11 14 75 14 99 36 6 4 86 46 37 65 0 83 73 5 98 95 87 52 82 54 34 25 19 6 59 12 82 4 13 34 80 45 95 53 38 58 29 23 91 26 44 13 54 88 55 39 60 87 63 41 32 39 5 94 34 51 35 
2 42 54 50 99 0 99 64 25 33 31 94 27 35 98 96 66 21 2 28 88 38 65 13 13 1 31 69 50 47 91 87 68 21 26 64 41 13 82 32 34 8 74 6 52 98 87 97 5 17 98 17 52 55 45 57 93 32 93 14 22 25 82 54 34 16 82 0 55 20 80 9 29 8 28 89 35 64 73 55 58 11 47 61 98 33 87 84 31 6 81 56 45 44 16 4 
15 54 10 54 94 21 42 39 44 40 75 6 96 56 67 2 26 67 74 49 22 79 46 0 81 53 87 94 52 95 28 34 89 92 52 89 18 52 84 72 41 1 74 50 78 76 83 6 59 20 6 61 57 48 7 11 37 12 36 89 34 12 19 10 71 13 18 90 38 33 5 53 58 25 97 53 14 70 47 60 6 86 19 44 15 25 14 12 29 8 23 88 40 73 81 70 
1 57 87 53 38 80 23 71 69 55 5 94 27 76 8 39 76 94 25 63 23 30 19 99 83 31 68 24 30 24 26 21 83 17 84 29 75 16 4 13 48 81 17 2 21 32 41 59 63 59 72 62 62 32 66 17 9 45 63 21 7 43 86 91 57 36 99 7 52 99 73 19 45 55 61 56 6 47 88 16 37 13 69 52 75 45 26 4 65 69 89 58 87 11 92 84 
99 35 38 35 86 35 81 17 22 89 25 90 11 33 95 78 44 89 31 94 47 29 96 90 13 15 61 8 23 32 93 40 5 57 61 89 45 34 86 99 33 5 2 89 79 10 7 5 30 18 55 0 5 42 72 78 48 48 52 79 71 46 1 96 79 18 42 88 12 86 82 9 85 72 11 4 52 6 84 66 69 13 44 13 22 11 1 80 29 87 48 3 6 13 16 98 
33 91 43 48 44 72 74 40 81 16 20 85 42 45 73 40 59 73 94 98 1 76 17 56 6 37 83 75 88 68 89 60 23 32 35 27 44 20 30 50 51 0 14 49 42 66 36 14 34 30 53 55 71 12 78 30 94 5 92 63 35 13 2 45 53 99 31 23 20 14 18 17 6 21 32 16 55 3 87 22 96 65 1 75 60 1 57 22 28 11 0 17 72 23 9 25 
67 22 41 44 30 70 45 76 82 42 30 13 86 70 15 8 40 1 11 39 7 97 30 65 50 76 50 39 62 89 14 56 49 93 23 55 43 20 68 39 23 83 48 21 99 17 20 2 69 91 66 55 32 93 20 22 35 91 78 85 42 76 83 7 84 19 48 84 94 36 55 55 24 5 95 79 21 94 57 73 13 6 63 82 96 73 37 49 23 40 56 13 63 69 82 36 
42 4 25 39 60 89 22 94 99 87 6 72 24 86 23 70 51 91 28 85 31 6 59 54 46 84 81 33 66 78 49 21 4 29 89 19 68 89 72 66 23 6 9 84 9 58 86 8 15 57 19 4 92 49 87 49 96 51 59 97 70 92 6 41 3 21 84 13 84 42 58 94 20 17 12 43 0 56 46 95 48 96 27 82 31 41 72 58 89 43 61 78 97 43 29 64 
93 60 86 37 80 78 40 78 82 81 96 12 52 33 23 51 36 33 73 92 34 25 72 58 21 55 68 72 47 87 84 90 99 87 40 26 37 11 34 50 9 28 44 39 26 84 44 0 34 47 8 29 66 33 21 27 84 92 70 51 97 44 53 27 94 93 13 69 14 22 36 54 1 89 9 6 57 43 71 35 82 30 52 99 49 16 96 35 10 8 74 94 46 77 41 56 
92 11 97 69 16 99 49 54 66 53 73 7 10 41 77 30 60 19 85 8 51 56 85 77 23 55 68 62 19 76 56 4 35 32 72 20 27 30 87 7 20 95 6 7 16 41 9 39 88 61 92 80 36 79 95 61 23 79 25 55 12 87 78 62 93 37 95 7 70 55 15 16 68 84 92 73 52 9 58 93 2 5 84 8 94 19 88 80 90 3 71 60 44 12 18 72 
92 97 21 17 73 70 96 80 72 94 33 30 53 87 99 12 30 78 89 16 28 62 70 96 96 32 61 26 52 29 33 89 86 32 11 80 30 46 45 69 33 20 3 34 4 92 61 4 8 25 27 84 12 57 90 59 6 12 88 44 31 43 47 34 73 99 75 5 62 13 45 83 99 27 29 28 32 5 48 45 72 53 35 19 14 96 27 16 86 63 74 92 29 19 96 1 
23 33 51 19 59 69 45 92 94 18 83 77 22 4 0 8 67 26 92 98 47 3 87 42 81 40 82 87 96 71 44 72 6 67 66 88 97 84 37 77 95 74 86 5 26 34 96 27 47 21 38 84 70 26 44 40 32 3 64 8 9 56 98 78 13 56 29 77 75 88 81 31 36 66 41 35 51 3 13 48 29 21 86 46 24 1 27 99 29 49 37 21 75 9 95 62 
96 84 14 81 54 78 16 57 38 46 64 84 45 47 59 90 77 91 43 80 65 27 80 44 29 37 75 23 11 0 11 58 86 68 79 6 57 70 51 51 46 55 51 92 57 93 18 57 7 22 17 33 40 90 83 48 97 59 48 89 84 8 26 50 41 47 64 37 9 76 54 9 54 52 91 14 91 99 78 86 76 14 76 54 53 12 15 65 11 76 24 0 92 85 95 56 
68 74 15 17 49 12 17 35 24 78 55 3 86 47 14 99 10 88 1 15 78 15 37 77 53 7 61 56 99 82 19 98 15 32 26 31 82 2 80 54 78 72 3 55 51 59 47 66 10 63 91 20 56 65 45 35 97 97 65 25 22 16 34 82 14 13 68 91 48 38 10 0 66 82 52 29 65 73 65 94 21 40 58 0 45 23 47 87 45 65 36 34 52 52 40 82 
61 70 98 44 38 52 48 43 42 89 57 2 29 26 84 22 61 78 31 75 49 33 82 18 51 0 40 96 42 60 61 73 11 18 14 51 20 99 78 86 40 44 22 85 90 67 35 88 20 37 37 67 3 51 44 66 9 72 63 66 28 57 76 63 82 38 26 80 11 33 40 21 66 48 7 20 69 54 31 0 16 22 56 66 44 33 35 9 5 12 72 49 65 67 2 93 
85 93 42 10 23 8 25 88 94 88 65 49 5 56 36 88 23 20 96 0 23 99 63 22 53 33 95 81 37 66 39 13 80 71 96 30 83 13 10 0 67 8 87 64 7 25 14 58 7 56 34 83 13 13 82 53 92 30 37 97 53 86 99 93 76 89 6 16 95 5 83 67 16 37 25 26 62 20 93 16 30 97 45 25 6 35 90 78 49 28 53 50 93 15 33 3 
23 66 27 11 25 38 12 43 75 18 64 3 71 59 96 56 70 12 33 46 53 84 25 17 94 97 31 4 52 60 66 29 22 59 72 8 6 69 73 63 59 68 67 95 73 69 8 21 45 23 55 8 98 50 5 34 82 28 20 14 99 47 82 10 29 19 35 3 0 53 13 63 12 58 94 69 5 65 77 3 70 93 94 29 10 19 86 86 1 10 22 57 41 22 29 55 
60 63 82 11 59 12 1 31 82 76 25 42 51 29 19 3 1 67 26 33 92 92 46 32 11 34 75 73 55 19 67 86 95 13 0 61 90 45 9 39 40 87 53 97 6 15 22 51 77 79 95 70 98 97 87 8 79 89 43 77 40 60 27 61 39 48 42 5 82 60 93 28 88 54 45 27 26 0 29 1 96 53 18 78 77 90 34 90 59 74 16 30 33 18 30 74 
90 25 7 86 23 96 0 36 21 46 17 4 4 76 25 76 69 0 2 69 83 23 79 62 14 89 60 56 29 81 12 35 37 23 51 37 43 75 76 69 7 94 74 56 24 71 22 44 44 4 47 48 0 16 22 4 96 3 14 54 37 1 97 67 97 87 86 98 53 91 87 90 74 47 63 50 33 13 75 53 33 10 57 67 23 17 82 81 1 59 95 37 93 22 33 42 
4 15 65 84 23 61 21 99 50 79 8 58 8 42 50 67 99 17 89 46 89 26 33 99 45 30 14 9 12 28 87 45 3 22 83 96 89 97 72 56 67 45 33 98 44 42 37 50 84 33 2 36 37 86 5 96 56 31 27 85 10 18 0 98 3 73 4 25 56 63 66 18 13 66 75 40 58 24 5 27 67 27 53 18 60 51 30 99 42 54 10 38 40 70 76 47 
6 27 68 0 44 59 29 27 56 97 53 45 89 2 98 41 60 31 92 67 13 55 50 88 84 92 71 95 70 51 55 27 30 45 88 81 16 45 79 21 65 3 51 84 22 34 27 99 7 3 57 5 1 76 95 16 76 52 79 62 59 88 80 6 29 82 31 84 24 41 28 95 94 18 21 10 64 42 65 16 4 54 99 37 11 8 54 49 71 3 77 32 87 86 64 12 
77 62 78 68 1 63 46 13 68 77 56 31 48 16 17 77 27 97 31 14 44 40 59 89 65 96 74 92 35 98 31 25 97 66 27 98 71 42 35 47 43 61 11 86 69 17 48 19 81 42 48 78 31 32 90 59 26 47 68 60 47 94 45 69 80 81 72 9 85 68 20 13 99 25 66 8 16 65 53 27 0 5 14 38 97 40 66 50 23 69 33 5 18 27 53 97 
36 31 28 14 60 27 5 16 17 94 78 57 77 0 23 39 37 4 33 69 58 64 57 25 90 29 65 11 45 69 97 92 7 53 28 9 19 13 34 99 39 91 74 76 47 18 41 73 36 89 77 12 25 68 21 89 60 0 54 77 27 16 3 10 23 55 58 46 83 16 62 25 62 60 34 26 10 47 40 68 97 84 51 27 90 27 15 35 62 37 6 99 49 23 56 35 
23 88 88 44 23 65 14 36 71 62 19 39 3 59 47 32 81 28 62 50 58 31 30 32 82 57 16 91 34 32 63 27 7 80 18 0 64 76 66 88 80 32 83 2 42 34 20 17 98 77 83 20 69 66 60 26 26 22 93 47 75 86 42 30 15 43 26 17 1 1 30 91 95 67 84 64 86 35 77 8 5 4 61 82 58 14 83 99 8 7 43 88 31 12 27 29 
34 90 38 68 59 48 14 14 74 86 74 57 0 8 80 55 55 60 88 87 30 17 76 2 5 89 92 85 67 4 91 58 26 25 45 61 66 44 81 42 99 65 47 64 95 31 42 12 30 26 36 56 40 24 2 3 90 43 95 47 83 44 58 19 94 87 88 75 17 15 88 38 4 93 57 86 92 89 6 42 27 37 29 33 52 47 31 27 70 98 45 58 54 33 83 35 
6 36 41 75 72 72 63 22 7 37 99 51 6 10 43 85 51 46 32 13 64 34 65 76 20 8 49 30 64 27 88 82 22 25 38 81 28 94 78 58 62 62 14 38 74 2 56 45 96 99 96 13 93 73 9 80 58 28 47 30 94 14 91 53 18 13 95 60 17 38 40 42 11 43 32 84 11 73 26 35 68 7 10 57 90 52 67 46 66 47 31 58 92 98 69 74 
66 76 66 45 34 85 2 66 89 60 83 4 62 47 57 49 25 87 85 56 57 59 87 62 58 0 34 36 65 31 42 95 66 3 45 64 59 57 76 63 51 26 15 51 74 12 96 85 49 37 93 3 42 73 72 36 49 12 7 6 50 49 41 3 70 89 83 76 93 35 62 91 91 24 22 25 76 60 29 98 55 85 54 74 6 60 27 84 59 30 46 56 42 63 27 10 
30 63 57 2 80 43 44 4 32 71 14 46 79 54 34 96 86 18 16 28 84 98 60 22 15 86 95 44 21 31 56 36 63 68 5 6 55 21 85 41 18 10 62 1 68 60 64 31 72 96 88 62 1 13 39 95 7 13 27 36 37 67 4 41 63 68 25 35 83 25 66 74 12 65 7 67 75 36 38 27 80 48 5 88 13 47 40 6 82 66 89 0 11 57 67 13 
63 16 20 62 63 78 95 64 60 33 31 15 47 32 18 93 5 21 72 85 47 81 50 39 80 57 57 90 26 15 28 21 51 88 15 99 28 14 64 69 1 29 4 74 44 18 30 32 17 47 55 46 51 99 22 42 81 55 84 96 40 18 36 84 44 38 29 29 53 60 44 23 3 82 89 88 27 3 23 47 59 11 28 90 98 85 80 23 73 92 1 98 57 42 71 93 
96 68 50 61 15 35 21 65 30 19 7 69 24 43 49 12 83 0 66 19 28 39 64 38 44 27 28 10 94 67 97 86 24 10 34 86 78 48 53 82 98 49 85 16 90 90 96 66 29 55 70 39 84 69 45 36 90 72 42 38 94 57 86 71 85 79 54 34 85 20 89 1 63 62 99 62 2 20 51 22 73 67 63 26 91 27 20 67 51 87 77 6 98 64 81 58 
93 47 57 99 24 29 60 55 41 53 57 42 91 64 27 22 59 29 9 25 36 52 65 41 7 73 11 43 6 20 43 80 2 75 35 97 76 68 4 97 52 99 68 85 54 12 72 96 62 60 56 60 60 6 0 73 2 74 72 73 37 28 12 98 30 62 56 77 28 37 99 20 68 51 15 83 6 67 70 90 96 96 89 43 90 83 77 79 92 57 14 76 39 74 79 7 
38 20 1 47 1 20 54 3 73 46 42 39 24 84 97 94 57 82 75 9 67 49 51 72 97 34 59 11 5 60 54 51 67 54 13 95 59 48 68 37 64 46 22 22 15 97 0 19 15 25 14 79 94 46 71 38 45 1 10 99 79 60 3 46 60 20 9 84 41 83 59 96 43 46 21 24 32 80 56 89 83 33 14 56 24 7 93 35 69 43 0 60 4 20 79 40 
60 33 83 71 0 0 81 88 75 7 45 8 67 6 81 13 85 31 4 49 29 4 85 62 35 88 23 25 93 9 22 90 93 65 57 83 31 30 83 15 96 68 42 67 34 87 62 93 9 15 39 30 64 13 74 98 40 27 73 59 65 71 47 26 97 40 46 17 19 15 61 22 43 14 70 21 92 7 41 79 43 64 59 75 37 86 61 14 20 52 1 25 68 30 16 46 
30 3 19 17 31 57 83 66 22 84 91 69 47 38 96 18 19 10 1 23 5 63 26 43 44 88 96 96 64 90 39 73 91 2 90 95 76 41 16 74 54 46 68 48 91 52 76 78 74 9 36 35 75 87 73 6 14 50 49 92 86 95 49 51 84 99 54 50 53 3 86 86 12 41 86 18 85 61 41 27 58 18 28 66 81 48 50 16 44 6 0 1 37 32 21 24 
48 77 36 30 63 7 67 30 86 52 36 78 73 56 54 45 96 21 25 29 72 40 96 83 64 89 9 66 83 39 13 68 65 29 5 33 85 33 23 82 78 56 66 53 22 35 69 29 20 13 60 80 30 97 0 81 79 46 45 7 56 10 47 40 54 13 42 53 36 25 32 15 34 72 44 3 21 52 72 25 39 94 68 42 95 93 58 33 14 62 23 90 41 15 8 63 
19 21 62 71 3 83 32 15 68 72 99 7 89 33 96 83 75 48 57 64 98 53 82 75 67 32 7 77 25 96 96 13 8 47 62 38 27 78 88 0 90 21 53 78 51 0 0 10 98 8 8 38 88 5 3 88 48 53 42 61 85 34 26 86 65 66 9 47 32 64 12 13 62 30 53 44 10 54 78 46 42 86 28 79 52 29 27 86 68 72 66 41 29 65 8 70 
86 75 62 58 65 55 44 50 34 44 80 56 51 47 68 3 73 93 65 4 67 45 0 15 22 97 50 90 88 37 96 73 71 48 20 10 6 93 3 23 20 90 16 75 37 27 59 82 25 37 47 17 56 53 7 74 16 13 23 44 50 26 87 7 48 21 64 16 48 0 51 57 47 68 36 72 25 34 27 29 8 91 83 57 28 13 83 95 45 15 59 94 53 4 40 9 
17 21 36 28 23 9 14 66 42 83 48 25 50 80 84 34 16 54 60 93 22 68 74 26 56 43 60 57 6 47 69 86 78 92 39 13 46 28 12 72 67 86 28 3 1 68 57 24 63 34 74 29 19 68 42 87 23 46 9 33 39 11 48 38 35 55 34 52 86 85 75 50 49 10 85 69 25 56 19 31 64 56 34 4 87 35 72 6 1 71 43 5 76 95 98 21 
20 65 15 53 42 56 29 8 88 42 74 73 43 98 10 23 66 3 83 83 69 71 36 68 78 7 28 18 68 61 63 7 6 6 24 87 11 77 99 6 59 62 52 32 59 76 50 56 95 44 33 94 13 66 41 36 89 97 39 52 72 51 63 12 83 27 0 43 68 32 21 48 36 19 18 37 96 80 98 23 10 74 4 84 44 89 5 46 4 98 72 78 27 66 77 13 
24 27 0 41 58 40 7 23 2 4 95 86 46 67 64 94 50 45 41 78 30 96 46 22 74 17 52 1 38 74 58 69 61 23 71 72 24 95 1 13 41 70 18 24 67 62 98 43 45 82 39 88 94 59 56 64 19 38 98 41 92 47 34 56 63 62 57 61 15 71 54 8 21 60 28 34 48 43 80 73 46 61 14 89 4 2 61 48 11 82 74 53 42 29 37 90 
60 81 18 83 22 34 67 15 94 71 3 30 91 79 68 16 77 72 26 82 82 25 68 75 50 52 76 78 20 4 10 15 21 91 63 60 98 50 88 2 0 74 82 37 44 81 60 36 82 78 84 83 17 40 32 91 0 65 85 88 13 36 7 83 43 80 51 73 47 68 68 33 83 25 74 42 50 19 86 74 5 72 67 55 15 74 26 42 97 20 52 58 37 29 98 91 
16 33 70 37 60 92 1 13 55 29 21 14 10 8 8 60 18 0 28 51 52 89 82 35 69 45 25 41 93 70 0 21 82 53 76 2 65 30 53 96 88 1 33 13 51 39 38 56 85 17 97 6 95 39 15 30 52 93 25 65 5 1 40 87 43 28 38 17 19 26 13 52 82 21 85 50 58 2 2 93 14 28 96 49 49 21 83 56 91 55 35 69 8 92 40 20 
25 83 35 10 66 24 13 40 34 46 26 46 70 95 74 35 93 56 72 52 66 72 92 79 40 76 83 82 90 85 54 80 98 22 32 48 93 20 48 92 18 59 67 9 84 15 79 10 30 22 62 99 68 10 7 21 72 39 41 91 40 62 55 87 80 71 39 48 49 85 19 4 63 17 24 62 68 3 77 43 69 41 73 49 98 20 23 68 7 8 62 29 58 40 43 42 
70 4 66 21 1 85 35 36 65 63 29 34 89 49 44 20 46 1 29 75 70 38 18 38 66 76 25 80 75 47 97 15 3 17 92 24 25 10 77 25 17 10 3 45 47 30 95 59 93 19 10 28 60 20 62 70 87 74 50 80 4 55 39 68 85 81 86 41 19 21 72 46 85 41 60 30 91 86 7 42 30 78 40 37 97 69 88 89 27 55 86 44 4 72 95 4 
55 56 6 67 96 91 42 98 70 56 59 34 48 81 80 27 26 91 12 94 25 47 48 41 19 10 80 61 80 22 38 35 68 31 83 71 63 2 97 35 41 60 21 81 28 6 42 2 83 45 25 2 39 37 25 0 1 80 76 74 43 84 47 89 66 17 38 33 26 19 3 8 52 96 40 10 80 75 1 73 34 24 4 34 75 38 1 40 82 40 46 52 58 92 68 95 
64 63 88 77 21 42 16 22 13 45 71 10 2 46 92 13 92 69 80 86 39 36 10 43 3 78 95 55 5 49 91 31 70 88 34 98 85 46 18 99 6 42 58 93 86 45 8 75 71 47 9 46 20 69 61 8 94 7 34 19 66 42 61 63 28 88 31 40 97 1 19 49 77 79 30 78 91 22 93 14 84 19 83 61 68 42 46 47 81 62 55 47 44 72 30 14 
42 44 96 1 58 70 24 95 20 69 42 66 62 94 63 26 32 28 11 63 35 95 4 1 26 31 10 71 93 95 77 92 72 55 0 43 36 44 69 12 33 31 50 21 26 82 21 19 69 74 11 14 76 84 80 12 27 71 40 65 69 72 76 21 6 38 46 47 14 61 2 39 22 62 2 46 36 24 85 73 41 98 85 68 52 57 98 94 59 69 12 79 85 57 65 73 
72 48 25 0 36 51 94 57 69 21 87 10 31 49 29 28 62 23 17 37 38 70 66 46 5 18 3 30 93 94 45 57 2 54 66 83 75 72 55 31 45 32 92 76 64 9 1 41 46 6 82 31 23 99 0 52 35 49 39 57 84 17 7 99 0 42 15 8 39 14 11 22 57 76 1 74 26 87 11 7 99 66 36 64 63 47 19 56 40 91 46 33 75 41 85 41 
66 79 47 26 83 98 50 16 79 36 31 77 42 1 73 25 31 59 75 56 93 48 89 98 91 55 95 54 1 62 53 26 4 90 67 62 84 64 26 71 46 29 57 28 80 38 89 17 41 66 23 69 81 8 4 18 26 77 95 11 55 11 92 54 66 69 93 8 73 8 73 18 66 62 31 65 15 37 24 71 32 67 29 5 24 53 80 53 84 26 61 13 72 50 46 21 
4 84 23 35 63 46 97 65 30 43 41 33 51 52 85 81 50 88 44 96 81 61 3 30 89 1 57 80 13 69 3 68 66 58 92 32 73 25 52 69 36 85 64 76 17 57 31 84 70 91 73 40 53 41 47 97 41 26 67 35 9 97 70 45 61 27 57 6 96 31 58 4 67 27 47 41 13 93 81 73 44 28 90 75 56 17 45 10 16 14 56 31 81 99 4 58 
43 44 65 99 63 34 21 64 23 22 2 8 66 92 28 7 43 78 37 41 89 89 97 69 62 73 86 12 84 29 13 30 93 72 64 25 71 0 3 36 76 1 66 19 12 58 24 14 77 69 81 71 81 97 91 34 43 54 88 5 75 88 41 57 4 19 94 32 23 47 77 15 70 61 17 28 16 63 32 86 97 74 7 37 95 93 70 58 63 73 83 19 53 35 35 31 
14 18 60 65 96 84 79 16 25 77 33 88 78 3 6 47 15 88 70 83 24 81 39 47 10 22 17 5 31 84 97 48 96 93 97 72 98 24 28 40 69 37 34 70 81 82 20 33 79 31 82 72 15 72 94 83 76 22 33 73 65 14 5 29 87 66 53 1 48 33 58 0 6 94 10 19 6 31 47 49 65 40 59 69 53 32 31 81 81 5 55 37 70 85 36 89 
45 76 89 91 50 64 11 73 8 47 63 87 12 80 71 70 85 67 2 17 21 11 62 97 85 30 88 45 58 36 93 15 24 48 19 55 13 24 48 77 99 44 9 37 32 99 99 28 55 90 86 18 24 38 34 88 12 33 91 58 50 61 50 37 34 0 77 56 53 11 69 94 68 2 38 22 1 94 21 47 91 71 87 25 25 90 0 4 98 82 32 48 50 58 33 58 
21 55 91 36 13 4 89 75 69 12 24 94 96 79 55 63 93 66 65 41 5 65 80 91 51 83 83 47 9 44 31 87 80 70 3 64 77 63 94 13 95 3 2 21 29 3 90 32 73 98 37 60 43 52 82 79 0 97 21 26 56 79 92 22 86 40 19 11 7 79 42 78 2 34 4 54 99 42 73 31 27 71 98 83 0 47 65 34 39 42 77 66 98 15 43 33 
21 2 98 35 0 45 86 11 39 74 83 41 82 52 98 50 75 54 44 21 40 54 19 71 65 13 51 58 48 24 5 2 44 27 77 81 3 70 5 13 92 66 66 40 83 93 67 71 26 6 88 28 42 84 14 11 23 55 16 3 81 58 71 19 26 7 67 68 69 56 61 63 86 14 13 33 54 9 73 89 38 64 69 53 62 63 86 88 23 63 86 29 6 73 26 23 
89 79 0 69 85 88 88 81 38 55 60 88 66 76 4 72 12 19 23 91 85 62 49 92 34 65 79 24 66 85 57 91 16 50 8 72 36 70 87 7 74 16 8 79 11 58 51 69 41 27 26 96 59 36 61 21 93 98 47 15 54 57 79 97 67 93 71 65 45 70 42 25 3 98 84 79 42 38 64 34 19 41 71 97 35 54 96 69 82 65 33 83 21 59 87 10 
34 63 74 79 98 88 76 76 2 76 76 47 31 94 41 77 23 64 41 69 94 33 60 19 35 75 12 15 32 37 30 47 56 84 24 46 87 12 10 86 97 30 25 61 97 60 19 16 54 57 36 49 15 39 65 71 54 75 23 92 19 44 52 27 91 29 26 52 53 33 85 1 74 41 30 54 41 81 9 5 42 95 1 41 34 21 97 82 9 14 39 18 96 61 32 90 
18 57 63 7 35 85 42 88 64 8 79 54 34 45 21 71 20 82 79 80 57 63 30 78 39 31 14 68 46 14 95 92 25 17 3 91 23 22 32 75 78 4 44 48 77 24 77 15 61 63 94 95 45 29 57 53 43 6 27 11 87 12 58 85 60 72 38 82 14 10 62 30 18 80 34 97 13 26 42 83 67 49 98 42 61 31 98 58 87 64 10 23 12 11 11 74 
67 38 60 6 74 79 31 18 7 68 64 37 11 59 68 49 44 41 40 76 99 5 29 93 21 96 68 24 44 50 70 93 50 84 34 63 71 26 56 41 76 81 58 87 98 71 50 63 75 58 19 46 51 58 97 54 23 30 8 77 79 31 69 68 13 14 71 83 72 87 77 21 67 62 89 4 63 38 82 15 63 69 39 24 42 52 95 1 76 23 2 54 90 37 82 2 
17 86 84 8 94 50 69 1 23 88 12 47 22 71 26 64 34 37 9 13 11 77 79 2 88 63 95 41 13 23 78 87 76 98 75 98 24 83 10 93 11 94 91 69 26 96 71 30 67 98 92 98 35 75 93 6 7 16 65 88 91 47 1 52 31 74 70 59 62 26 70 61 93 40 58 82 63 27 45 58 17 20 44 47 14 60 36 4 48 16 34 43 73 43 90 27 
34 81 13 65 10 79 66 69 40 31 30 10 38 74 43 30 70 45 65 31 51 25 86 68 41 19 86 64 50 64 23 41 33 11 66 40 74 97 17 94 32 18 46 84 87 51 90 20 61 90 32 51 86 6 73 98 89 60 87 85 91 11 98 51 5 29 47 58 6 66 73 86 97 22 6 9 85 99 58 82 42 65 40 95 20 23 94 94 24 51 11 98 40 74 88 84 
48 26 75 8 27 92 52 99 55 34 55 52 88 34 7 34 80 73 73 86 65 40 96 60 46 37 61 48 91 10 41 80 67 10 78 89 24 93 35 20 42 23 44 6 5 84 97 76 65 83 51 9 16 89 37 61 67 17 10 83 35 87 0 83 19 46 73 59 78 63 90 65 66 40 45 79 12 73 71 50 72 50 99 63 78 73 67 19 55 32 73 27 86 16 2 42 
6 69 83 63 76 71 37 82 39 25 54 58 56 32 98 1 9 87 16 93 30 82 95 12 6 97 50 47 64 51 20 59 66 16 88 65 99 97 39 8 5 95 80 48 78 11 42 10 48 89 55 63 33 27 13 67 28 8 61 8 78 63 31 92 21 18 57 20 91 33 57 85 88 9 22 77 49 17 99 23 9 28 90 49 74 3 24 48 17 58 2 62 60 47 6 56 
33 20 72 97 3 91 11 99 88 95 52 89 66 45 49 86 20 29 27 18 18 63 10 48 74 2 26 20 33 53 55 34 40 45 35 19 32 71 57 9 89 10 26 3 48 9 35 42 69 59 21 35 32 20 1 53 65 93 56 31 45 87 72 41 24 61 46 91 25 76 74 39 80 17 33 47 68 83 6 40 4 30 33 99 21 96 10 97 91 30 25 54 46 46 95 74 
99 73 43 65 10 4 16 41 15 37 48 23 18 20 22 74 9 43 42 75 37 84 49 62 84 1 52 79 57 74 60 38 79 68 96 57 28 17 81 55 59 21 15 29 5 24 91 65 32 90 36 27 2 84 1 62 16 63 77 23 44 47 85 58 83 95 60 2 23 5 34 82 76 58 79 29 49 79 20 42 42 65 31 59 3 36 7 4 96 48 52 13 47 29 28 1 
34 45 96 1 18 70 98 53 19 75 47 33 95 57 78 36 81 19 55 78 42 67 23 9 54 10 33 15 37 16 26 99 86 10 91 69 30 45 55 39 38 0 99 47 39 82 41 47 54 29 49 29 19 3 5 7 35 15 69 86 99 32 39 20 70 99 89 63 6 3 15 86 99 22 96 19 52 54 93 27 9 21 57 71 80 51 33 12 36 7 15 29 33 85 79 52 
74 83 42 75 35 34 91 21 52 20 56 27 86 40 50 68 55 35 65 89 62 62 34 6 75 1 60 26 89 62 25 75 93 31 14 32 57 74 39 77 62 87 1 25 26 38 15 71 66 57 91 63 91 49 5 51 78 33 58 50 66 37 79 54 13 54 34 31 74 93 14 60 46 62 19 89 52 74 29 6 79 2 14 44 63 33 94 74 31 84 15 36 34 68 15 11 
17 68 29 36 77 34 38 32 18 77 80 4 75 14 64 71 39 47 2 41 61 52 73 15 20 29 18 62 89 53 17 28 17 22 48 39 72 77 17 12 44 57 90 6 20 72 16 25 60 22 52 62 42 3 61 11 15 96 32 41 76 90 99 72 69 91 62 39 43 29 0 15 55 49 36 19 34 5 80 28 0 51 46 50 25 38 52 28 2 30 92 36 83 20 83 51 
1 36 3 52 11 64 18 23 62 18 27 6 38 9 89 8 61 57 90 91 11 45 44 44 12 26 94 64 57 99 99 98 41 92 43 20 56 20 61 96 91 83 53 48 59 64 23 74 33 56 24 66 15 76 10 74 36 65 2 41 10 43 16 79 93 47 94 49 69 6 3 0 64 0 76 89 58 82 30 72 22 16 35 10 18 26 25 42 60 54 1 54 75 44 61 84 
17 70 5 71 43 71 93 1 91 90 20 64 26 75 38 72 34 74 75 37 83 57 3 0 3 54 46 92 56 29 13 87 17 24 35 60 45 53 11 97 83 24 79 6 92 14 94 9 67 38 72 3 87 48 6 92 52 32 33 79 36 16 31 50 13 74 21 22 99 85 40 34 92 3 3 58 40 93 75 87 83 63 82 93 78 18 35 70 97 48 98 82 68 84 16 29 
89 83 17 61 31 7 38 63 49 22 31 37 37 54 77 18 77 25 98 47 87 20 6 43 93 43 2 26 39 24 44 86 22 60 29 3 2 70 39 8 28 53 56 47 19 31 88 50 20 93 95 57 74 55 66 90 48 92 32 67 54 65 98 46 70 31 85 89 23 32 4 54 88 69 96 76 99 54 79 76 66 14 86 58 28 89 92 3 22 12 89 32 92 80 64 82 
22 71 19 94 39 12 92 79 1 50 93 23 25 60 68 2 74 40 57 79 89 67 92 86 99 86 55 66 50 51 20 52 78 65 73 4 53 97 89 9 23 10 59 45 96 46 41 90 36 32 22 0 32 81 6 51 39 90 80 53 35 95 95 2 3 15 54 72 82 89 49 62 26 15 0 77 16 30 63 95 76 38 52 20 37 51 74 2 89 89 55 24 56 20 85 15 
71 93 98 26 81 42 61 28 42 81 10 24 63 48 29 93 21 92 16 64 46 97 15 72 19 34 17 12 72 54 5 51 7 18 42 69 56 89 57 86 15 51 68 38 14 42 61 5 65 80 13 16 16 10 55 7 25 33 60 33 72 1 80 19 44 58 69 74 51 50 97 37 89 37 14 2 11 23 53 33 75 78 3 43 21 52 60 89 9 15 10 58 24 76 58 9 
16 30 91 9 79 57 16 91 56 96 29 13 30 43 58 46 75 65 34 86 85 81 58 17 24 68 51 72 51 17 59 79 25 33 65 29 60 42 83 78 96 63 36 59 78 89 68 25 41 97 23 40 67 79 31 19 46 83 77 22 29 14 59 32 25 96 93 35 57 13 14 48 29 18 23 0 96 27 30 29 61 15 13 14 80 68 25 28 7 52 54 54 15 21 93 64 
50 26 61 2 34 70 61 47 91 26 19 51 12 67 25 26 3 18 60 24 12 89 2 34 55 92 65 69 29 44 15 51 6 99 13 19 4 89 4 86 51 95 98 4 20 50 25 92 59 39 32 50 21 43 47 7 86 58 79 94 90 8 95 93 39 92 39 14 83 45 54 82 31 55 42 17 19 73 46 16 42 81 42 3 58 12 19 89 89 38 62 15 43 38 5 59 
96 0 93 23 2 72 44 97 8 24 67 80 3 10 52 24 50 40 81 96 89 49 17 10 66 45 88 73 91 76 35 35 88 59 34 49 86 48 34 48 58 26 23 97 8 70 46 34 52 57 53 8 38 81 16 17 30 18 65 8 23 27 23 83 1 98 67 72 10 63 79 16 2 96 12 66 55 37 10 89 80 95 11 32 66 38 49 43 58 98 51 35 82 18 42 30 
74 33 11 46 83 27 77 64 70 58 1 53 0 2 82 97 82 99 62 96 41 43 80 70 28 40 44 75 5 47 4 40 50 11 94 93 32 97 46 68 79 17 83 58 46 91 38 6 59 87 22 55 46 39 44 96 65 64 95 83 83 1 49 61 71 36 0 86 34 49 3 12 6 80 69 11 81 19 60 12 29 62 3 51 37 68 79 91 22 95 52 16 93 92 8 41 
76 48 89 24 64 75 16 72 17 52 79 18 46 37 90 64 5 62 62 53 88 72 95 97 65 20 88 38 10 39 63 97 89 80 98 8 79 11 60 85 26 0 69 15 61 27 49 8 36 83 86 20 84 33 69 89 44 8 54 96 35 11 72 68 90 20 90 62 87 56 93 53 31 88 52 64 97 15 85 18 60 38 27 70 99 49 69 11 69 38 54 15 8 45 87 97 
47 99 74 73 35 16 85 30 90 97 58 94 39 98 18 77 74 30 46 87 73 17 90 28 74 35 57 43 28 51 2 50 92 37 65 6 31 78 73 35 73 94 34 64 30 85 19 77 19 79 82 65 25 1 81 62 33 70 37 16 11 30 71 31 1 26 39 97 8 17 12 60 2 12 33 36 43 94 18 86 73 54 87 26 68 49 38 79 64 71 33 77 18 30 23 70 
78 92 92 85 46 55 64 13 24 54 5 95 9 26 1 32 66 94 45 7 1 9 25 70 38 43 94 66 5 23 50 96 91 68 32 96 92 62 63 79 10 16 13 77 13 41 5 96 8 64 1 59 17 80 10 83 70 41 6 77 39 1 80 22 8 40 52 63 94 31 30 80 58 7 97 73 82 54 65 21 77 75 26 43 20 64 0 42 30 69 83 44 56 8 24 71 
85 3 27 48 41 58 77 66 91 38 38 60 65 87 39 91 72 99 84 83 21 12 76 31 9 24 56 87 26 95 64 75 2 94 78 47 45 19 83 80 77 10 42 65 94 51 1 70 84 61 92 74 48 15 22 38 79 66 22 36 2 56 22 6 63 72 27 0 89 58 26 74 59 90 39 41 16 61 36 66 83 88 37 53 18 86 62 48 51 73 35 21 35 17 99 72 
28 89 80 74 86 99 92 40 83 46 45 64 55 3 87 39 4 25 75 59 82 98 84 80 31 40 66 38 66 44 6 53 22 10 53 18 15 86 74 42 32 23 99 26 52 31 40 46 22 91 46 26 33 93 95 54 58 60 43 69 90 71 81 62 71 54 16 36 53 54 60 17 38 65 5 26 43 54 45 45 19 99 67 48 91 20 80 42 52 31 79 4 52 63 66 82 
52 58 7 15 19 45 9 71 73 42 95 5 35 56 47 50 82 76 29 29 35 35 55 68 5 68 13 91 7 8 90 25 49 45 33 44 10 37 58 2 25 64 65 98 44 21 94 24 43 34 0 22 82 66 44 96 57 76 41 44 49 58 28 79 3 76 94 23 66 31 35 5 14 19 4 54 4 25 10 15 18 2 16 27 51 9 14 39 36 78 19 53 34 45 70 76 
60 46 23 79 54 32 28 80 72 6 19 53 68 28 82 31 23 7 66 0 79 39 58 19 70 71 0 66 51 17 2 44 38 19 67 49 98 10 29 35 35 89 3 59 46 10 27 53 78 61 33 60 61 94 88 86 71 66 91 84 43 93 97 20 19 20 94 32 71 46 81 23 87 77 26 39 78 30 69 31 18 49 26 4 61 12 8 63 35 63 48 55 75 71 3 62 
28 84 1 70 93 4 49 58 64 53 98 77 31 46 36 43 21 82 63 88 37 63 14 2 74 71 36 99 47 30 92 80 26 95 86 28 19 40 85 18 14 69 86 31 18 40 79 68 94 37 98 39 71 85 13 84 0 93 42 71 70 77 63 33 84 10 27 13 53 94 77 94 25 22 11 95 51 18 12 66 30 61 94 54 51 43 26 11 46 22 82 20 65 65 13 21 
37 89 24 39 52 9 41 38 42 80 92 57 28 70 13 85 71 35 48 80 22 6 61 49 98 49 68 14 47 87 94 0 67 94 39 83 92 87 96 38 63 9 77 67 28 45 99 73 2 78 59 10 51 48 58 56 9 79 29 28 12 45 46 15 48 60 66 88 84 26 83 90 29 7 26 83 1 79 69 67 35 66 95 84 27 13 68 30 63 98 84 47 26 48 69 20 
94 72 40 8 97 36 6 91 24 10 8 42 91 52 73 86 34 4 8 97 94 67 96 26 81 81 65 66 50 28 22 77 0 16 70 84 38 47 89 15 41 77 82 55 3 0 85 85 23 87 38 55 43 81 83 89 33 61 97 34 31 1 54 69 41 56 23 95 36 32 35 84 94 96 64 79 97 87 6 50 95 48 30 43 86 79 98 65 32 64 87 59 34 74 21 60 
31 94 23 55 78 87 57 65 52 64 46 10 24 49 36 73 52 70 80 60 20 28 68 92 87 10 47 37 66 61 23 70 9 97 54 53 49 60 19 98 64 84 93 47 36 50 6 60 79 37 90 80 97 58 27 36 84 94 97 35 56 45 83 72 59 82 80 48 92 51 89 16 8 45 88 47 62 41 42 72 24 10 22 96 16 91 88 27 85 80 50 81 35 37 58 88 
1 35 66 25 40 56 98 93 90 58 71 73 30 47 38 34 4 36 31 7 82 9 47 48 96 93 57 81 61 59 24 88 10 28 71 44 45 27 84 83 48 43 15 11 7 13 3 61 49 36 25 18 26 66 60 47 63 36 58 29 90 33 45 83 16 99 28 76 73 36 13 72 28 53 31 11 6 1 64 9 93 5 37 33 56 55 83 89 76 49 89 94 55 76 77 41 
22 39 64 38 87 42 54 50 48 55 39 93 46 72 23 18 54 31 77 23 66 96 15 44 9 57 31 63 32 48 99 26 56 33 3 62 1 83 79 76 34 58 11 58 28 14 78 0 98 95 8 25 57 49 33 86 60 88 71 97 64 81 28 18 50 71 97 23 28 89 51 63 13 77 12 30 67 91 22 11 91 36 75 23 88 98 81 82 35 88 66 44 27 99 20 22 
40 49 46 90 91 53 11 17 56 72 21 13 92 7 63 20 99 23 44 12 85 86 10 68 37 31 58 23 2 34 39 72 98 94 63 91 26 55 39 84 93 96 62 86 3 78 93 53 72 79 14 85 28 11 14 44 22 89 97 11 37 54 68 58 89 2 47 53 66 39 67 10 19 84 64 62 34 72 59 4 64 53 1 62 38 36 79 38 97 9 2 4 15 30 57 39 
