64
70 0 28 59 32 9 17 87 54 68 73 41 13 47 84 1 9 91 61 35 77 94 10 43 61 25 37 94 61 10 7 1 78 72 9 24 44 47 20 15 46 80 80 20 12 87 77 26 39 53 81 19 59 37 2 59 55 61 19 90 63 45 30 43 
50 88 46 96 80 72 95 23 6 77 46 6 70 18 87 31 94 76 75 78 64 7 64 77 16 60 11 83 13 20 60 36 66 4 65 9 41 86 57 91 52 7 5 39 32 88 82 89 20 49 6 30 70 58 7 25 27 49 26 88 38 49 69 17 
18 35 40 68 15 46 67 16 31 13 49 54 73 84 46 61 79 75 41 9 76 89 53 67 74 48 75 94 42 91 1 41 47 85 22 44 69 8 69 16 78 15 48 72 39 64 90 42 73 59 63 71 12 59 72 55 76 46 82 49 26 22 55 92 
11 95 4 46 76 24 66 33 27 86 80 32 14 87 47 16 85 8 73 94 6 42 45 62 21 67 99 68 26 93 92 42 43 0 64 89 7 14 4 42 73 21 12 88 55 16 61 35 66 66 1 92 43 32 7 66 88 26 71 44 61 46 20 63 
75 8 44 27 27 70 53 23 48 72 73 29 30 93 72 7 30 33 94 17 15 98 12 73 71 15 53 25 92 71 22 83 27 96 71 82 39 84 78 93 64 8 17 82 14 56 43 53 48 99 37 99 13 61 66 50 85 26 37 6 66 25 12 11 
48 19 50 22 88 31 46 46 92 44 22 81 55 98 36 28 75 29 68 99 53 55 2 41 90 60 28 20 52 5 12 94 16 82 4 97 73 13 11 96 74 45 91 63 46 7 25 95 37 1 49 16 16 37 16 94 42 21 73 11 98 93 71 47 
68 0 89 64 59 88 59 86 73 58 25 39 11 99 59 44 73 50 35 48 58 31 80 53 97 47 92 50 62 98 21 76 64 42 1 38 93 94 59 8 41 7 15 98 45 90 61 42 47 65 27 12 70 40 89 3 3 69 70 22 67 59 89 49 
17 67 9 5 32 85 43 18 42 17 41 64 77 56 85 22 79 89 88 64 93 70 77 39 4 68 41 79 75 70 80 72 5 15 88 86 12 78 23 76 40 64 91 97 30 33 97 66 37 75 34 31 46 36 46 96 20 6 39 40 94 98 50 82 
66 71 62 57 92 45 2 34 79 34 54 60 9 48 70 84 33 98 65 46 82 69 52 36 39 99 80 26 45 59 87 16 2 90 55 93 32 74 65 93 40 29 57 13 81 51 63 70 7 14 34 40 60 19 81 50 41 65 78 29 68 32 71 9 
35 36 68 75 97 85 64 96 37 13 4 90 35 20 38 58 95 32 60 35 17 56 27 39 78 35 39 16 38 43 1 73 15 6 84 66 91 46 39 14 43 17 32 65 86 73 33 71 41 83 71 44 88 45 71 17 91 54 22 36 15 78 19 92 
72 40 68 7 17 4 69 70 54 37 83 47 3 96 29 86 97 95 43 42 14 98 65 82 78 16 40 88 13 66 6 18 32 72 46 34 36 73 80 61 22 26 55 7 93 38 94 25 63 81 33 55 86 95 61 5 60 45 35 1 89 59 21 16 
29 49 72 59 27 76 62 16 40 87 88 90 93 11 88 9 11 61 28 60 97 60 31 50 81 36 85 75 17 45 3 4 66 92 21 13 98 36 8 48 90 17 8 16 83 11 66 71 57 57 56 28 23 29 18 57 22 21 81 94 69 88 15 72 
26 51 78 73 71 2 57 55 97 95 89 84 94 2 98 30 18 36 94 80 43 70 95 50 37 24 92 85 36 8 82 15 99 5 57 42 95 94 3 59 94 65 30 15 98 52 14 90 52 7 5 8 73 83 14 17 55 99 49 49 11 49 80 9 
44 55 0 9 41 93 64 67 83 80 4 13 40 53 70 63 4 12 57 72 18 63 18 99 21 3 68 1 10 75 37 2 13 96 19 70 22 49 21 23 77 23 10 5 44 41 84 73 66 99 54 43 82 40 45 30 21 2 41 82 35 93 0 91 
13 97 8 8 5 39 14 91 69 94 4 52 69 75 74 17 59 58 29 17 8 28 85 60 81 31 65 4 13 37 30 22 2 57 69 72 88 94 46 84 93 38 82 29 88 41 89 1 65 4 93 56 29 8 35 32 71 3 83 95 46 57 91 17 
39 16 81 90 15 12 67 48 63 23 0 98 24 17 45 83 41 30 58 74 40 17 58 7 97 41 27 78 46 94 63 87 84 59 45 14 75 4 43 65 89 4 35 77 85 44 30 38 32 90 37 32 74 65 88 27 97 17 70 73 90 85 82 8 
9 86 75 91 16 73 67 14 49 9 83 66 37 70 31 26 4 60 61 37 70 69 91 89 29 56 66 14 42 24 23 88 42 11 65 89 5 69 66 23 2 42 46 18 57 99 86 43 99 79 10 6 85 9 12 98 55 34 14 11 65 20 55 3 
43 20 99 98 62 90 22 68 87 20 30 5 20 15 41 66 35 27 92 19 38 44 51 77 13 1 51 49 79 81 34 18 44 97 27 52 20 45 5 78 58 23 54 95 36 98 32 33 46 16 68 91 14 24 0 18 2 72 22 83 33 98 16 71 
29 65 7 3 19 71 80 99 30 10 70 11 53 36 1 26 58 23 5 43 36 80 66 89 42 0 40 38 59 45 72 60 26 0 46 45 26 66 59 85 46 37 66 66 24 17 98 72 5 52 15 87 57 71 22 74 44 39 53 46 24 65 8 80 
99 50 9 64 98 63 81 67 88 9 67 64 16 52 41 51 94 10 43 46 76 87 68 18 70 52 3 66 1 61 94 51 37 81 22 96 50 26 0 53 3 89 68 80 62 23 4 51 84 37 4 69 46 14 88 63 43 76 24 39 65 47 95 81 
38 38 19 75 79 50 74 83 79 49 10 71 46 56 67 80 41 90 14 96 91 85 10 39 35 62 35 45 49 37 22 87 27 67 3 71 0 13 40 37 96 30 0 48 11 57 48 11 96 76 69 38 90 37 61 37 34 15 0 11 0 93 65 11 
80 59 7 68 26 86 78 60 13 39 21 84 85 68 25 30 65 3 74 64 27 40 38 97 71 42 36 58 79 21 6 55 38 7 30 47 8 12 7 78 88 41 36 39 49 62 19 3 55 56 12 29 80 3 49 71 72 19 22 86 61 22 30 46 
47 86 68 52 31 21 80 57 76 63 14 12 87 47 2 5 48 19 71 79 22 45 42 3 72 15 66 26 35 80 32 76 16 88 73 99 14 23 93 28 61 85 37 73 26 75 62 68 39 62 51 88 67 88 92 38 67 65 68 67 52 31 6 77 
22 38 90 35 10 43 22 55 83 84 44 59 15 26 58 48 52 59 49 24 11 7 88 43 21 82 97 24 69 42 54 57 63 64 50 33 75 78 99 98 30 64 19 49 81 43 11 90 3 90 88 0 45 74 70 1 50 45 8 43 50 31 93 41 
12 40 17 41 15 90 71 82 78 7 75 69 81 48 9 28 48 18 17 52 42 96 2 42 23 18 33 82 98 5 79 7 34 45 99 6 29 36 7 81 55 51 15 12 78 96 28 40 67 91 78 96 97 98 28 65 42 30 41 97 61 23 72 25 
91 88 21 9 59 71 83 9 38 20 7 85 25 70 27 17 52 94 37 67 59 97 83 59 76 4 47 13 60 99 23 62 61 51 54 33 34 89 63 65 37 61 68 93 53 72 64 3 11 46 69 50 47 75 52 34 89 57 75 54 43 55 9 66 
43 97 55 83 97 97 51 49 17 70 25 24 27 28 57 46 32 56 11 68 74 49 91 20 61 48 25 0 57 28 30 82 80 87 6 35 0 66 10 21 38 72 78 73 14 19 19 63 27 43 5 70 92 23 72 48 60 53 38 54 47 30 42 84 
78 84 93 41 37 74 89 82 45 90 47 1 55 13 85 20 16 91 42 48 96 9 58 34 51 41 25 53 36 54 41 50 71 57 99 68 53 15 52 54 68 17 17 36 14 10 37 83 0 77 39 70 70 11 10 62 56 3 86 68 57 85 94 2 
97 45 57 49 90 15 50 27 44 96 54 37 58 66 77 83 73 40 45 15 67 81 48 8 16 8 46 96 93 6 90 38 19 64 61 91 52 44 65 63 21 23 97 1 35 57 34 32 76 56 53 20 31 54 60 60 32 3 32 73 5 72 37 13 
97 7 37 19 6 7 51 44 44 79 51 64 86 79 32 70 45 30 94 68 69 88 74 39 66 89 12 35 52 3 11 39 22 65 85 77 65 16 73 14 87 79 10 65 83 95 18 29 77 70 53 8 65 90 9 59 80 92 86 17 39 66 39 73 
88 31 95 52 97 95 55 83 40 96 29 41 9 59 90 97 14 31 5 92 32 87 50 98 76 7 71 92 77 75 94 5 30 36 29 9 65 68 0 80 65 60 28 48 37 37 98 51 41 65 66 15 2 52 45 91 28 43 6 75 67 20 44 25 
44 48 50 52 45 27 18 46 8 26 4 93 66 59 11 74 47 61 40 62 70 65 86 46 2 34 47 51 25 71 17 0 34 96 23 56 34 35 67 84 55 16 60 65 28 71 64 6 98 2 51 1 73 67 5 88 44 60 66 0 98 98 53 94 
84 79 62 54 67 10 4 78 12 86 48 59 49 62 55 87 84 68 88 3 14 72 1 55 88 76 64 89 94 98 39 63 14 2 45 50 85 90 8 12 37 12 80 53 70 92 38 49 11 52 78 93 22 4 43 89 20 98 76 87 98 3 20 23 
48 48 48 56 28 33 5 54 32 8 61 92 38 45 94 80 29 65 34 27 16 1 99 33 99 67 83 22 94 5 48 47 18 53 5 39 43 97 57 40 92 51 14 7 99 85 23 49 8 20 67 8 53 94 24 3 44 42 79 66 77 32 7 89 
56 70 26 31 39 99 25 83 48 91 63 44 53 84 56 55 42 84 65 25 16 43 60 79 9 84 90 22 23 7 76 47 34 59 82 78 75 71 81 69 6 35 33 88 81 61 27 73 1 25 28 22 10 59 61 29 53 36 99 30 58 88 65 76 
12 50 78 30 99 69 37 28 97 96 7 39 18 34 22 89 63 32 16 10 71 88 92 33 7 10 63 84 11 78 88 12 34 61 4 23 61 57 88 67 69 69 69 32 41 33 90 79 99 52 38 98 6 56 69 8 89 47 5 54 85 56 61 99 
84 96 98 14 10 71 75 86 70 74 87 20 34 28 91 9 28 78 97 2 87 56 43 9 10 70 33 72 65 7 2 58 31 86 3 39 9 19 94 90 99 40 38 30 32 25 28 64 92 97 14 45 19 80 96 12 78 71 39 48 82 40 77 67 
29 31 40 42 51 64 81 25 10 34 25 11 67 17 94 21 74 30 71 36 78 37 26 61 41 31 24 64 53 69 64 96 87 32 56 66 79 88 55 1 18 45 80 75 36 61 41 99 54 92 38 71 55 80 94 20 51 70 6 60 69 55 17 32 
10 44 47 20 15 85 73 97 75 52 11 94 59 99 5 74 19 39 98 73 82 20 7 37 76 2 0 13 16 10 92 71 60 3 33 4 31 37 3 53 53 8 47 51 75 12 78 50 39 88 72 59 13 88 19 33 8 50 79 43 6 2 79 9 
26 18 55 65 52 78 1 97 64 59 7 78 25 79 59 59 49 18 43 40 81 80 12 46 83 15 17 22 64 27 76 74 29 76 56 8 29 37 7 97 28 64 80 9 20 2 70 18 61 49 67 2 20 15 95 74 65 71 5 37 37 88 44 23 
79 10 12 32 95 10 52 53 53 20 20 10 41 84 92 97 27 58 96 59 50 27 36 60 6 2 47 33 38 87 47 43 58 47 71 91 10 17 30 82 59 18 17 90 83 84 72 58 71 60 83 99 35 54 18 80 30 62 40 62 99 6 65 93 
16 60 58 54 69 94 78 11 43 63 23 76 27 40 45 16 89 28 99 7 53 62 19 15 77 42 66 27 67 95 45 7 11 36 36 4 12 57 23 35 3 89 92 69 8 26 74 91 5 89 32 67 95 93 57 27 87 91 36 17 47 0 28 48 
9 27 66 87 89 13 84 88 24 67 54 25 3 59 20 7 99 60 98 87 11 60 85 90 21 67 39 79 50 14 74 17 80 94 58 4 73 44 0 2 26 58 28 51 75 48 63 32 43 32 82 18 45 47 34 47 93 66 41 19 36 10 83 52 
98 92 90 34 98 72 64 99 5 25 74 48 41 55 11 39 6 25 43 49 74 90 98 81 40 43 89 94 51 26 91 51 33 98 69 15 28 63 8 80 50 33 97 92 29 89 7 90 22 92 57 31 69 5 87 23 87 74 15 99 20 11 61 29 
76 71 36 8 94 55 76 26 47 53 76 82 10 86 32 75 24 60 61 81 23 32 66 10 4 88 60 32 94 16 82 33 63 23 85 16 33 25 83 48 73 9 47 23 44 26 46 73 32 50 82 71 40 78 47 87 16 56 62 38 18 91 34 17 
61 19 38 81 88 89 58 70 61 26 70 67 88 56 77 20 22 89 84 32 7 17 30 63 56 82 55 64 91 15 81 9 4 66 95 32 48 23 33 80 97 27 90 93 94 14 53 5 99 25 47 25 16 19 6 92 10 79 59 27 79 8 18 31 
67 93 54 80 56 35 12 46 71 21 78 58 93 38 77 66 29 95 48 98 69 30 40 84 64 70 80 35 62 9 70 85 18 91 57 98 69 97 31 81 81 47 42 70 82 22 46 61 1 10 30 51 79 0 24 78 40 80 64 32 13 43 97 77 
89 72 15 2 23 81 57 63 97 17 35 76 20 96 20 53 36 71 93 79 20 54 14 86 28 76 3 89 79 99 67 41 80 29 17 15 45 55 19 38 85 40 48 53 80 53 23 5 80 65 46 38 8 8 81 69 18 15 35 79 57 91 8 40 
46 37 89 90 35 42 85 93 83 71 57 36 81 22 98 99 87 44 92 98 78 66 99 17 80 51 22 45 75 48 11 82 89 53 65 55 90 20 71 80 1 79 42 59 4 61 6 55 87 73 79 21 71 96 50 72 76 71 99 36 68 78 33 32 
52 84 17 21 86 43 88 15 53 91 72 72 92 99 3 35 58 71 23 27 22 54 50 45 84 8 2 60 52 53 18 80 27 86 87 25 18 20 29 7 70 55 46 99 2 28 93 45 14 15 13 34 44 0 73 40 99 49 92 92 0 77 62 52 
87 12 45 59 42 40 90 26 15 32 16 93 69 55 84 59 61 36 68 84 57 22 17 57 4 31 20 89 64 26 96 50 50 77 94 58 28 17 39 14 98 53 59 94 26 26 79 7 61 43 40 89 32 75 68 4 65 52 18 91 43 11 13 56 
25 14 87 15 1 24 52 6 2 3 82 34 48 4 27 88 64 62 70 79 33 57 92 57 77 51 71 1 10 34 69 73 68 14 50 50 67 16 8 54 31 85 73 36 40 16 40 22 5 80 73 56 37 30 73 57 64 85 57 52 68 85 68 94 
39 2 81 74 54 23 16 90 41 83 40 33 54 20 90 98 12 86 49 88 3 87 77 3 14 77 38 72 34 10 22 45 58 24 83 76 97 24 72 42 7 86 96 56 1 18 69 66 80 26 62 57 29 28 26 7 14 20 98 24 39 15 62 4 
66 11 29 36 1 75 4 23 67 97 20 6 41 55 8 52 11 4 37 81 8 89 13 25 86 41 35 37 0 21 1 9 33 32 74 49 74 83 71 23 60 89 36 83 15 55 36 87 72 31 41 36 78 70 42 45 1 76 19 75 80 84 7 74 
20 50 78 16 50 6 79 56 30 69 53 63 51 98 45 51 95 7 22 3 51 15 17 23 63 58 85 93 56 96 32 54 8 14 49 61 88 90 98 21 85 82 10 77 80 40 62 32 80 17 28 30 98 60 57 64 16 6 98 80 20 57 48 65 
39 38 80 7 54 32 56 18 69 14 19 85 63 5 25 50 22 64 52 49 20 13 76 38 16 45 97 36 91 23 90 60 10 85 50 75 24 32 91 79 74 52 88 5 67 89 88 45 35 32 33 99 16 97 92 7 75 2 74 36 29 93 55 93 
74 72 51 52 83 14 61 97 0 73 30 83 29 83 72 34 66 78 56 9 83 54 69 2 33 5 73 37 31 1 51 14 73 38 43 27 31 10 68 22 59 44 32 72 48 45 25 72 87 2 87 26 24 90 17 15 39 3 22 14 41 50 18 78 
57 92 59 92 43 80 2 20 20 74 94 47 13 53 54 98 46 42 76 12 84 63 90 87 51 27 46 45 2 63 35 45 56 1 18 11 39 56 87 30 17 1 24 97 35 9 64 75 87 5 30 80 38 15 37 40 34 34 0 7 14 69 55 51 
16 73 9 59 60 46 5 80 63 88 19 22 35 59 96 8 30 72 10 9 63 11 42 96 88 39 33 99 70 5 78 56 24 93 22 89 26 81 6 26 34 8 74 29 48 84 87 22 64 93 7 37 66 99 85 22 25 82 39 11 26 49 40 80 
27 72 95 44 88 31 15 32 82 84 61 87 39 96 8 58 55 88 69 85 32 91 77 69 58 28 28 8 25 30 4 88 35 66 27 57 99 18 72 75 48 69 69 8 76 95 54 26 28 99 36 16 45 15 28 28 53 8 20 38 64 60 72 51 
90 28 75 16 14 48 53 90 34 38 49 59 18 5 68 40 43 20 0 67 64 79 72 4 71 83 85 28 30 51 22 77 10 90 1 89 26 43 93 92 33 7 5 89 9 50 87 51 64 87 86 26 33 74 90 10 61 60 41 26 44 90 91 70 
14 51 87 71 30 80 37 99 26 73 58 94 98 70 26 47 4 67 61 13 93 74 93 43 81 80 47 70 1 15 22 82 30 3 93 59 15 43 25 67 11 27 70 37 93 77 87 80 73 20 6 75 24 13 35 13 89 97 64 34 70 41 69 17 
70 42 49 24 32 20 25 18 30 94 99 15 53 90 64 3 16 83 68 89 37 45 98 14 7 94 94 3 74 83 46 84 29 33 29 27 54 71 53 5 13 89 97 76 23 23 47 6 30 95 31 98 61 52 7 49 56 80 59 20 34 91 46 69 
37 0 12 80 53 99 12 9 14 48 90 39 98 98 17 95 69 45 55 39 67 43 73 42 53 74 46 38 2 71 61 34 37 26 23 86 16 22 99 69 23 44 20 57 71 8 33 13 54 40 44 88 79 54 46 98 85 77 32 53 53 20 54 90 
