41
0 43 63 26 5 31 9 48 45 90 74 98 7 26 23 62 42 71 61 20 40 18 27 57 76 18 3 30 39 2 86 71 88 55 37 19 13 90 77 54 69 
59 92 63 53 53 86 23 52 82 81 74 31 5 68 29 35 91 15 42 32 80 42 17 10 24 5 15 43 14 52 73 69 29 40 98 79 94 55 58 23 30 
42 4 82 40 33 68 32 27 20 50 56 10 54 78 87 89 95 77 69 6 48 84 56 36 10 93 6 23 92 7 67 16 90 87 19 80 94 97 42 90 18 
36 37 2 88 47 31 26 34 21 46 55 3 84 71 27 44 30 76 67 36 17 67 76 73 74 41 33 80 77 70 7 76 63 37 72 92 36 96 50 23 71 
61 35 76 85 5 20 88 19 78 87 60 21 44 70 93 97 16 37 1 71 51 16 7 47 83 75 40 4 41 11 38 56 20 37 88 30 54 46 3 51 16 
22 46 35 89 82 12 8 87 66 24 25 22 87 7 92 90 43 34 76 72 31 3 42 46 82 85 76 0 52 81 95 34 16 56 22 91 64 55 35 92 88 
70 92 95 38 16 94 96 77 25 72 17 95 6 47 43 69 98 27 96 47 13 89 48 90 37 75 21 12 34 18 26 82 25 7 93 43 94 14 92 28 65 
83 29 31 58 58 47 15 92 30 53 64 25 59 63 91 6 18 80 73 13 9 73 84 72 96 60 23 72 42 41 60 35 66 80 36 12 79 82 23 88 54 
17 53 51 15 17 60 74 26 39 81 72 33 97 2 79 16 6 79 63 72 89 90 18 37 49 92 32 50 44 41 35 95 60 87 92 7 99 68 97 12 43 
78 42 9 30 14 62 62 44 9 7 39 11 49 30 19 13 83 50 84 0 2 65 76 3 26 96 94 46 52 27 40 63 18 48 25 88 61 10 99 12 22 
59 63 55 90 4 1 51 11 41 27 68 97 36 38 97 10 70 48 12 91 77 81 60 99 14 77 67 57 30 19 70 77 33 32 53 52 91 42 87 87 34 
93 52 95 94 9 3 23 95 82 22 33 38 76 1 34 87 61 79 77 99 22 57 80 23 23 9 80 95 47 71 43 29 65 62 43 14 8 65 52 36 2 
1 47 70 84 31 3 61 34 8 2 31 75 54 46 30 2 31 93 32 84 4 70 66 19 47 81 24 8 86 43 70 94 15 76 85 62 86 26 30 66 22 
63 84 38 12 70 34 39 99 59 91 13 13 53 89 19 99 38 53 97 98 59 12 89 14 84 8 14 89 83 91 27 93 29 49 81 48 74 46 89 77 87 
95 17 99 65 61 81 78 9 15 18 46 95 56 35 76 44 74 56 29 10 64 44 13 38 75 42 77 48 71 24 53 44 56 1 57 80 87 73 16 67 57 
68 42 88 68 88 7 56 68 43 49 30 76 25 95 45 53 6 44 78 58 52 35 58 82 24 53 63 79 56 21 15 96 42 93 83 30 32 81 22 80 32 
89 53 8 66 45 44 23 60 77 58 32 86 75 98 26 64 27 22 21 81 22 69 86 61 76 38 98 67 44 9 24 38 46 85 53 47 36 3 41 17 34 
49 96 28 33 36 23 6 68 29 88 80 73 86 58 53 90 50 70 46 67 38 11 30 64 36 28 69 44 38 56 25 86 31 53 76 77 79 9 77 79 72 
65 45 39 53 32 90 79 11 96 12 41 47 74 84 58 44 28 90 38 2 67 79 83 12 82 49 48 43 85 43 9 11 17 72 85 99 32 91 1 29 13 
89 40 8 27 56 61 50 47 60 76 43 86 92 61 24 64 55 60 44 78 49 94 73 1 73 45 3 91 53 77 99 17 25 23 59 4 73 16 30 11 62 
63 35 17 56 73 62 31 50 54 79 8 82 65 44 88 69 20 70 76 59 18 67 4 40 42 83 33 51 80 92 26 56 80 0 5 94 83 44 38 46 94 
72 91 71 39 46 88 43 87 10 4 34 70 52 21 30 1 97 44 12 61 72 36 99 81 70 49 91 54 36 54 95 77 65 0 20 47 33 6 71 68 50 
13 86 81 57 54 4 23 75 15 86 50 38 3 1 4 4 81 82 67 40 16 26 5 37 6 0 29 3 70 77 45 63 53 26 12 11 1 5 58 73 53 
26 67 6 73 72 39 6 58 37 45 94 49 10 43 73 41 12 31 25 52 45 24 8 48 96 78 23 22 48 97 77 7 39 93 60 51 30 36 81 19 46 
81 27 76 75 68 63 34 36 82 99 80 79 83 42 40 97 68 63 19 3 96 22 55 38 27 75 81 25 5 48 76 1 30 4 72 49 78 83 8 44 37 
73 9 0 24 11 75 4 90 84 6 81 87 13 59 63 38 65 95 20 36 44 85 87 25 95 96 64 51 28 67 71 89 35 48 94 73 46 96 59 71 54 
0 67 50 28 55 13 18 8 28 68 64 84 23 56 81 49 97 76 21 78 47 45 89 29 25 15 13 68 79 59 11 21 49 71 89 31 77 57 50 9 90 
19 52 53 93 68 83 94 35 94 14 78 25 4 42 27 3 18 75 60 37 39 88 53 41 67 56 53 31 3 79 45 91 70 82 21 83 10 14 37 69 81 
1 3 28 98 23 41 12 95 81 91 65 60 35 58 96 42 67 30 20 42 28 94 59 82 41 83 2 51 67 40 21 16 9 13 88 11 46 30 6 70 98 
0 51 34 10 15 33 92 42 83 45 59 77 37 36 42 33 52 69 90 1 90 45 77 76 17 42 81 71 56 94 16 34 59 23 76 29 54 77 77 30 31 
0 10 52 6 8 14 37 66 80 77 5 14 78 80 60 34 29 77 7 33 56 91 40 13 74 59 59 93 44 73 29 98 47 14 54 0 41 58 79 17 83 
45 47 70 59 87 35 73 81 38 50 58 67 5 38 13 7 87 57 10 49 84 40 21 69 76 10 97 81 42 10 96 27 85 6 88 10 83 84 93 22 6 
23 15 69 89 23 39 15 71 26 39 18 39 31 35 67 64 61 40 64 95 34 31 7 39 30 93 89 21 67 54 53 14 54 40 84 15 67 44 48 32 83 
89 97 73 87 9 92 9 22 96 96 28 63 23 59 56 61 65 17 4 95 73 93 62 96 61 49 3 22 0 88 42 67 96 31 17 38 26 96 24 39 27 
31 48 61 83 84 39 0 40 14 84 22 82 50 37 37 58 31 82 24 6 22 16 7 44 96 93 9 91 99 48 92 59 34 9 56 99 12 9 53 10 12 
69 59 3 64 8 8 91 48 86 69 70 75 11 23 65 67 9 1 94 46 43 74 5 33 90 56 36 26 42 88 87 34 91 78 66 28 23 26 96 90 21 
65 28 41 46 50 67 89 47 92 70 48 66 0 9 47 52 29 45 99 30 76 79 45 55 63 23 17 89 90 52 54 90 52 93 26 83 76 78 46 28 75 
73 61 72 99 83 34 49 83 51 41 20 90 41 65 31 54 41 99 99 13 77 0 53 46 9 34 60 66 85 38 97 67 67 89 11 31 15 72 51 58 65 
82 29 61 75 6 41 3 24 19 72 38 73 31 10 95 99 7 49 4 82 25 93 90 8 45 60 31 17 98 60 78 64 97 28 50 52 32 68 14 53 0 
81 14 14 73 37 63 7 27 71 5 95 62 96 38 5 60 79 99 49 60 14 3 99 67 2 28 91 74 80 23 27 62 14 4 82 88 66 87 65 17 70 
5 93 55 90 14 70 15 55 49 87 73 64 54 22 82 35 12 65 85 77 62 3 38 59 81 94 1 18 89 98 90 46 33 25 62 75 97 33 72 57 98 
