63
76 9 43 68 50 82 78 98 12 88 33 27 30 67 37 59 37 48 43 95 84 69 36 59 41 35 37 45 45 62 30 39 2 4 98 26 2 78 86 42 72 88 44 39 14 48 52 97 58 63 5 60 19 48 5 46 69 78 19 99 42 40 99 
96 47 48 32 60 66 58 42 63 93 38 26 20 60 34 63 98 17 69 12 67 53 73 44 54 88 80 46 95 62 58 45 77 36 96 69 28 46 64 17 49 83 42 84 40 23 55 14 85 26 85 60 91 81 3 60 89 26 35 0 97 92 9 
26 95 21 54 33 72 46 67 63 70 69 29 30 81 91 34 22 75 79 45 0 55 98 38 89 15 13 74 31 10 74 83 69 46 57 1 75 43 6 68 28 80 64 13 27 50 83 72 30 27 43 20 53 73 66 3 12 26 64 60 72 76 55 
63 19 17 37 80 36 73 42 1 97 11 31 50 57 31 37 19 26 66 12 33 31 37 75 49 88 32 13 6 79 97 35 82 71 1 56 45 40 34 82 26 81 73 42 66 18 20 0 11 78 80 18 18 90 33 7 1 85 89 84 9 91 67 
26 63 17 74 95 34 46 3 99 98 24 20 71 60 71 37 56 63 35 89 62 53 41 34 17 70 99 62 70 51 33 0 75 95 53 75 33 77 36 66 11 61 58 96 0 8 79 35 25 23 88 0 52 99 42 33 29 9 27 7 75 85 69 
3 68 29 64 73 23 12 64 53 63 92 84 38 17 29 60 76 3 4 49 30 39 16 43 53 43 25 76 0 26 27 99 32 44 93 96 8 12 52 3 47 87 30 45 2 3 5 60 14 78 85 63 38 92 20 13 82 54 54 42 20 16 61 
67 24 91 48 4 35 5 61 17 12 76 43 22 4 69 6 32 32 42 34 48 13 6 31 35 0 52 77 9 96 88 38 16 85 1 21 13 43 34 55 13 64 0 8 33 83 60 81 80 38 19 8 46 59 41 1 59 47 60 45 10 12 66 
20 36 73 54 45 89 64 22 41 32 63 49 5 48 36 59 46 16 32 89 26 5 12 11 50 39 80 58 66 88 95 24 10 73 27 74 95 55 73 45 21 58 70 85 64 47 7 35 81 83 67 88 57 39 43 37 66 76 21 10 89 92 94 
99 39 83 31 41 15 55 27 52 74 75 4 37 67 12 3 68 98 30 73 96 92 62 64 18 56 38 52 64 82 32 80 54 41 84 53 92 66 94 25 19 19 91 64 74 18 9 41 61 37 17 92 5 76 74 41 43 42 0 76 96 87 70 
78 58 74 58 89 77 75 99 73 1 54 53 76 91 16 37 36 59 58 12 27 15 32 69 32 95 30 39 1 54 14 73 36 54 27 15 0 1 3 14 25 14 9 39 23 35 29 88 73 33 49 18 34 78 84 65 5 40 81 23 43 78 83 
94 66 16 48 32 96 72 13 27 21 63 93 35 2 96 42 63 8 59 81 9 45 59 73 29 86 30 12 36 18 12 97 16 71 88 33 28 71 30 21 63 50 24 98 29 55 92 54 5 61 10 32 63 68 36 30 53 61 94 37 62 91 12 
76 31 4 3 34 2 72 36 20 65 56 76 52 67 88 9 74 18 43 86 8 85 92 38 39 58 83 95 53 92 44 35 97 31 52 84 43 45 27 92 1 57 83 68 71 59 47 86 45 90 7 74 26 18 48 57 9 87 63 90 52 0 47 
71 91 84 52 4 52 46 20 75 61 24 2 63 11 82 46 66 19 26 4 43 55 84 19 54 20 60 86 27 37 84 23 13 79 55 52 79 9 5 44 50 39 24 78 98 24 12 52 79 25 73 59 4 13 25 43 79 46 41 47 9 14 80 
84 77 80 35 16 4 21 69 69 83 36 87 74 16 18 85 66 0 18 99 76 66 65 62 28 50 62 71 12 25 22 54 79 84 62 9 63 36 66 64 9 59 79 81 91 30 12 48 58 81 79 17 98 61 99 75 12 49 89 17 55 82 16 
80 66 16 58 76 29 58 10 24 63 31 20 56 45 8 40 74 58 66 55 86 46 56 23 27 60 94 57 43 24 8 74 87 87 82 63 60 16 54 22 74 71 69 55 86 79 20 68 35 0 31 42 18 12 39 12 20 97 11 57 42 69 56 
42 71 68 43 26 73 66 58 83 17 17 15 2 59 67 89 94 75 10 39 49 29 43 91 76 48 54 38 26 21 56 34 85 32 27 65 38 27 68 59 87 3 61 68 90 65 98 21 72 86 55 48 67 80 17 31 62 72 74 89 63 88 53 
21 51 17 51 14 39 83 5 88 87 26 44 75 5 66 7 48 7 15 47 17 29 90 51 44 33 11 88 34 61 55 85 78 49 0 85 40 30 12 2 2 87 95 56 14 58 73 76 31 39 43 34 2 94 91 40 46 98 31 29 83 51 7 
20 92 88 67 95 65 6 39 55 64 31 74 87 23 42 30 45 74 36 98 13 83 50 28 78 12 54 10 22 74 46 43 74 36 83 71 75 19 52 87 79 59 78 59 36 72 72 94 40 80 26 52 87 16 34 12 85 51 63 69 24 34 76 
67 46 14 85 19 99 76 79 84 3 6 86 17 7 36 17 28 95 78 48 52 15 98 9 3 31 2 26 88 25 71 24 76 21 73 90 8 13 18 16 90 75 11 73 61 65 55 60 40 15 7 32 72 83 75 20 29 82 13 67 78 11 4 
15 65 6 73 53 51 52 83 17 41 14 62 45 95 4 52 49 23 19 96 9 10 18 24 62 35 70 2 26 29 25 79 39 54 31 91 96 98 72 78 65 90 49 72 40 83 73 33 77 11 76 4 34 11 45 5 12 24 20 26 59 39 7 
59 88 31 73 82 21 49 50 42 21 76 52 1 48 97 73 93 55 74 70 87 0 10 18 94 29 72 60 32 77 41 70 48 81 53 31 23 50 26 32 49 95 68 6 36 99 40 71 12 63 32 12 39 68 29 87 48 73 48 86 69 86 75 
96 14 86 75 75 50 29 59 32 38 63 28 52 57 66 37 51 94 46 91 35 2 76 86 70 29 89 82 49 40 33 24 99 69 48 21 74 66 35 53 1 45 72 46 1 89 45 16 57 59 80 33 66 12 29 42 85 30 56 68 62 47 41 
61 74 57 10 64 11 4 4 56 94 70 38 5 15 8 48 45 50 31 88 5 7 6 55 88 75 55 54 46 33 82 99 18 84 2 76 19 35 47 24 20 42 32 2 46 11 77 74 59 88 58 38 56 24 55 90 94 92 45 96 18 93 46 
44 3 28 64 83 42 46 31 83 60 34 21 31 40 64 89 37 11 25 92 66 45 49 80 2 62 33 58 37 62 19 38 62 52 31 51 66 29 28 82 89 37 71 20 90 95 24 91 80 37 32 61 57 72 64 73 66 93 76 8 26 62 6 
39 54 60 50 43 14 33 96 77 1 75 38 89 41 63 64 96 38 9 89 33 79 49 94 69 96 91 67 85 2 32 72 21 28 16 26 16 38 93 78 19 21 70 70 76 87 5 32 59 1 55 56 20 83 44 34 4 14 4 17 11 42 26 
11 19 92 60 97 30 27 85 96 66 3 41 66 17 18 80 91 73 7 62 97 50 69 2 26 95 42 39 42 8 69 31 87 65 13 88 25 85 96 85 16 22 69 46 40 84 66 60 94 13 45 43 1 59 53 90 83 94 70 61 14 2 47 
39 85 20 69 92 81 57 5 50 67 56 1 51 4 5 63 65 80 88 95 42 94 88 48 81 9 0 51 26 9 55 69 67 77 12 75 79 86 71 95 15 36 43 80 85 48 96 98 68 10 5 65 99 54 31 54 62 43 78 22 38 59 17 
90 38 6 80 90 46 50 17 49 48 96 12 6 11 18 66 43 24 32 57 67 61 20 73 58 60 2 15 41 1 9 59 87 28 54 73 72 77 6 28 31 90 99 22 11 11 12 9 52 21 10 36 49 93 40 22 52 22 97 32 25 82 74 
80 83 25 6 50 99 32 3 12 42 84 92 18 15 91 40 54 16 56 71 37 15 92 82 43 53 37 1 36 81 82 42 2 90 22 1 40 68 78 52 54 46 90 20 88 54 60 9 33 0 24 39 12 33 95 19 78 80 71 90 32 47 9 
1 64 17 10 33 62 55 48 97 0 77 69 87 27 68 22 51 7 18 41 36 18 2 93 85 20 53 11 84 27 74 63 39 86 43 41 35 25 20 6 70 40 74 3 4 88 12 32 98 6 34 27 32 99 56 96 54 82 97 34 62 78 70 
19 72 11 57 40 30 72 23 20 39 52 10 74 8 54 12 48 83 43 70 79 60 6 57 93 33 54 47 78 77 4 78 74 57 21 18 78 39 92 52 57 25 98 83 70 98 5 6 8 96 87 45 84 75 36 98 64 38 10 36 9 92 26 
87 56 20 79 74 59 66 13 55 43 14 84 49 81 64 87 28 69 75 84 28 50 34 28 36 97 29 16 15 94 76 23 2 65 79 53 18 71 6 74 75 60 52 32 98 1 12 73 76 30 79 79 29 10 5 31 73 48 82 30 9 38 5 
36 49 5 73 71 21 75 52 39 54 45 62 44 89 49 94 73 71 9 8 17 72 35 67 92 42 52 6 83 13 96 82 45 13 39 86 33 84 34 0 29 30 25 64 90 11 50 35 63 57 48 74 72 83 1 37 52 75 42 15 82 63 80 
80 85 86 28 95 19 98 76 85 76 49 66 14 52 78 42 15 55 78 28 38 46 85 40 19 26 19 10 47 93 12 78 59 33 4 8 82 69 31 90 24 83 85 46 29 16 82 43 38 15 14 73 2 73 31 41 96 83 4 75 57 11 63 
55 46 92 59 31 97 39 32 95 93 34 67 34 55 33 21 33 11 58 77 83 44 43 11 51 93 2 93 87 41 3 68 42 34 94 27 60 79 73 80 19 51 63 55 30 54 74 18 94 67 66 83 45 83 79 1 78 78 48 41 4 31 63 
32 39 19 40 31 77 11 75 36 86 55 71 37 70 89 69 30 92 98 71 67 96 95 52 64 79 86 56 86 95 40 38 35 58 33 26 81 36 60 86 75 13 69 56 25 49 32 69 63 42 15 50 87 68 52 84 20 57 34 95 90 68 14 
92 51 84 51 95 31 29 75 0 61 11 72 98 99 44 15 2 89 17 83 62 13 97 22 78 50 40 6 85 86 70 23 4 98 80 5 8 27 66 37 98 75 56 93 84 87 63 6 52 43 99 41 89 54 50 98 17 73 32 25 41 39 15 
90 84 24 94 56 44 3 93 75 20 69 61 60 59 12 50 78 79 41 62 70 24 39 72 62 15 13 82 4 40 39 89 87 63 76 31 84 72 96 84 43 2 69 4 76 19 44 0 45 67 28 17 22 89 2 8 48 43 75 17 79 33 11 
77 2 93 58 14 41 35 94 25 59 53 21 91 46 62 1 94 13 11 27 21 80 12 52 27 47 61 30 73 65 0 39 14 84 86 71 3 50 34 33 72 50 35 29 86 98 91 73 93 73 77 2 53 94 96 85 40 87 65 47 18 11 10 
14 18 91 90 46 79 44 53 21 51 65 62 24 87 87 80 42 90 21 8 90 97 85 74 73 9 77 63 29 69 8 47 50 39 37 89 48 56 39 87 78 12 42 16 94 52 58 85 5 36 73 97 10 65 76 9 55 52 11 42 13 17 62 
2 70 94 33 11 80 32 42 20 51 8 86 2 88 73 90 15 74 17 98 58 47 6 1 14 65 43 91 64 6 31 10 0 65 11 11 64 10 51 50 97 26 59 26 41 17 16 37 62 57 3 50 72 48 51 89 72 82 2 71 28 4 81 
99 64 21 17 79 44 51 3 75 54 82 37 93 43 2 35 8 73 70 99 71 75 66 68 7 36 45 39 53 30 24 93 27 27 56 94 33 52 50 18 28 78 54 1 3 70 5 21 54 40 89 24 96 55 32 26 4 13 83 64 8 14 85 
58 71 88 99 96 42 2 92 95 14 93 43 88 24 72 65 78 33 92 69 85 61 72 58 39 56 40 49 94 8 5 8 77 94 4 62 20 56 27 60 67 36 17 38 70 16 91 4 99 66 85 64 81 86 62 9 17 42 48 81 33 26 37 
32 77 34 27 5 21 49 75 6 36 15 83 13 51 16 50 42 11 12 54 69 1 95 26 36 28 11 46 8 73 40 71 1 86 68 40 4 33 56 58 43 36 75 13 57 79 58 16 55 22 0 68 31 57 21 6 7 38 87 62 50 65 80 
47 24 4 79 23 99 34 53 41 23 43 76 23 34 25 36 95 60 28 82 86 83 57 91 23 31 57 45 7 87 46 97 81 8 23 61 25 58 9 0 74 8 19 25 88 96 50 73 90 57 34 14 81 5 8 92 42 84 52 66 29 47 64 
43 45 1 32 99 62 57 82 62 31 16 50 43 69 10 86 81 53 96 79 91 44 18 23 38 53 24 40 50 53 93 35 30 96 16 35 52 73 91 73 89 34 11 43 37 49 14 25 96 51 60 27 66 72 24 42 0 70 26 16 84 11 43 
51 74 28 89 2 77 18 38 69 27 24 24 54 0 69 3 70 86 66 2 11 66 40 0 65 75 23 83 32 1 94 88 79 96 34 7 87 38 46 8 47 95 30 11 64 52 17 76 78 44 69 76 42 0 85 61 4 97 61 85 16 89 66 
71 64 94 91 74 65 26 41 6 35 97 82 45 4 65 92 39 21 49 64 54 76 68 47 69 38 28 33 76 77 51 81 9 54 66 89 58 40 87 26 64 93 77 78 45 82 74 62 46 47 12 79 75 81 89 61 55 88 31 86 62 97 20 
68 31 1 79 54 52 89 62 34 91 20 75 20 87 75 35 68 46 4 55 6 63 38 64 59 42 54 17 67 82 83 63 30 75 68 5 0 84 6 6 4 41 82 40 90 56 5 6 73 43 15 98 41 54 74 37 18 40 4 56 50 49 28 
98 88 66 12 76 88 85 89 9 89 67 33 10 71 31 91 17 67 29 13 39 92 97 17 31 70 27 97 32 37 25 46 38 13 76 49 53 99 11 86 15 32 20 73 79 54 1 34 45 11 8 26 67 59 12 68 7 66 56 98 63 10 54 
28 62 86 93 55 10 72 67 16 58 62 42 36 66 21 17 68 97 51 24 78 35 46 22 14 37 98 60 67 43 48 22 94 16 58 44 74 33 6 84 11 44 98 0 44 71 23 40 59 6 95 41 88 66 53 99 71 96 15 13 56 10 90 
8 85 69 27 3 9 77 83 6 43 41 85 77 39 94 11 17 62 92 74 14 81 48 88 36 23 21 5 0 25 18 26 73 95 73 65 85 21 58 97 78 48 83 39 91 47 80 11 28 22 82 85 85 6 97 7 60 71 88 71 5 53 18 
63 15 54 63 33 21 10 28 38 79 99 64 3 28 4 79 42 2 37 97 75 0 0 45 90 95 98 60 86 83 45 50 49 50 26 16 75 5 84 7 77 26 27 52 89 97 24 85 24 82 26 41 45 97 26 60 78 14 40 2 57 64 13 
43 44 53 82 99 90 71 43 36 58 70 33 4 14 3 69 85 45 53 89 13 82 38 46 47 45 72 22 10 57 47 53 59 56 4 90 81 14 28 94 21 20 4 11 32 30 96 76 51 69 85 31 22 55 44 78 65 0 10 90 67 93 55 
52 32 92 68 50 34 16 68 50 48 73 58 99 76 88 29 77 71 24 33 87 72 99 87 79 90 68 3 66 6 42 58 0 28 50 28 26 26 44 63 51 40 80 31 48 95 57 45 64 86 62 95 93 98 95 11 4 30 79 52 6 55 40 
38 63 33 89 16 15 36 93 61 96 41 77 88 15 46 28 78 72 70 91 35 73 29 22 84 24 97 58 24 20 81 65 16 65 43 81 1 56 40 24 62 43 23 84 40 79 77 5 35 47 97 71 61 72 49 77 74 26 31 74 15 58 73 
52 97 12 72 10 46 30 84 16 90 98 43 49 64 72 75 58 68 63 26 86 74 85 73 60 49 7 65 77 86 32 30 19 51 18 5 29 8 51 58 38 37 82 75 84 90 98 25 40 64 52 53 36 14 4 98 6 12 87 17 5 48 80 
73 50 79 21 27 76 90 5 15 85 14 23 1 89 17 6 62 74 4 80 94 45 16 18 91 19 89 6 5 20 33 16 66 34 0 87 84 4 25 63 58 26 87 52 28 24 66 95 92 57 33 5 77 45 0 90 65 44 78 59 44 24 70 
99 21 99 92 36 42 53 84 58 48 0 90 38 0 57 64 89 56 40 9 68 63 80 39 80 48 49 37 3 62 91 31 57 5 68 38 94 64 59 3 73 41 96 36 78 49 8 80 40 17 5 25 57 86 74 56 80 76 45 80 54 11 39 
38 79 27 2 77 23 75 78 87 4 44 69 69 93 39 85 41 85 81 24 89 32 20 84 79 35 36 65 24 60 80 26 58 60 34 56 23 60 21 71 79 83 58 84 98 38 47 52 19 99 89 46 85 0 52 48 13 40 85 84 25 4 63 
62 28 44 87 99 74 73 39 36 19 19 23 69 65 28 84 97 3 50 64 22 93 87 50 35 93 15 70 43 43 0 86 10 34 11 42 70 4 14 42 66 48 98 62 71 67 66 1 72 92 47 7 21 85 67 74 90 44 69 17 21 70 2 
64 57 23 34 7 50 71 14 61 50 66 15 32 86 7 33 60 42 27 25 46 7 48 33 33 67 57 61 19 95 94 59 93 21 72 68 57 94 40 54 32 82 83 99 61 83 79 93 1 61 51 48 9 79 8 20 1 67 4 35 59 64 42 
98 13 65 72 49 44 51 47 94 15 95 78 76 48 10 50 57 90 38 32 0 27 34 44 86 60 63 50 43 23 21 36 37 1 65 80 42 90 8 84 54 50 74 36 33 98 38 71 54 36 50 47 10 68 51 51 81 97 73 34 70 84 53 
