19
81 87 61 65 77 43 70 98 61 59 91 98 11 68 93 59 31 66 77 
11 61 76 77 85 61 8 19 92 28 45 5 12 96 54 17 23 24 94 
97 95 46 31 20 20 49 48 87 76 7 45 90 8 29 21 3 30 75 
87 25 31 48 98 38 76 45 33 39 16 38 12 22 53 25 33 23 81 
72 92 96 64 15 50 62 93 78 16 8 45 57 20 23 19 50 16 17 
55 49 85 7 18 7 32 58 68 24 31 45 89 82 30 69 40 28 84 
7 90 57 59 98 8 74 60 78 69 10 68 33 90 23 96 65 3 87 
42 71 27 35 22 14 77 13 45 57 39 89 1 23 95 56 2 9 9 
52 83 69 39 56 54 2 33 44 59 20 18 67 87 59 55 49 78 33 
3 4 38 44 79 35 99 50 57 76 1 11 4 99 49 54 43 4 49 
84 32 36 97 78 27 37 38 41 79 59 35 23 33 82 7 26 29 41 
52 74 83 38 73 46 43 84 58 15 4 78 69 95 22 18 12 41 38 
10 20 34 65 36 81 76 86 89 48 52 28 4 26 94 88 56 42 97 
60 31 6 57 14 63 70 88 23 86 31 1 88 59 52 49 2 29 52 
56 66 8 7 85 29 35 26 65 30 23 82 61 15 19 5 44 53 57 
69 90 53 33 37 80 3 86 95 26 13 85 27 63 77 3 39 1 8 
11 24 84 61 56 19 61 78 92 14 79 21 5 58 78 70 71 80 28 
97 9 59 85 12 57 20 56 4 53 65 33 93 35 76 59 35 77 25 
97 67 92 95 80 59 84 19 27 11 87 74 63 53 62 87 75 88 60 
