84
8 18 56 29 1 7 92 71 55 31 93 97 28 59 45 34 73 0 40 57 72 43 0 32 73 32 55 34 53 74 42 72 50 41 75 79 95 88 93 38 8 86 81 96 36 20 25 30 55 36 87 31 42 5 79 68 50 75 91 47 73 54 89 99 89 31 0 35 87 27 23 57 24 69 46 93 62 87 95 54 33 69 58 29 
61 22 58 2 41 39 66 81 46 90 24 70 90 88 89 12 21 31 31 63 86 40 97 44 15 5 7 92 58 99 99 42 92 50 91 21 19 73 10 47 21 38 71 63 1 44 55 62 57 53 52 56 98 94 34 34 40 61 30 5 7 37 91 2 67 74 32 50 99 46 17 4 60 51 70 98 49 82 98 61 36 40 18 66 
49 85 72 25 31 99 35 36 63 97 57 37 37 41 85 37 14 12 48 35 1 0 30 37 6 28 85 37 96 12 73 3 91 24 53 51 65 68 51 15 11 94 83 16 0 0 40 98 39 35 91 81 86 38 82 50 73 88 38 79 14 30 14 36 83 94 71 67 11 43 0 91 2 31 39 57 35 26 47 0 40 29 73 79 
32 80 26 21 98 76 87 97 67 65 52 96 58 96 87 77 55 13 16 27 61 9 22 70 42 39 57 39 37 77 64 30 36 46 55 75 36 18 93 21 33 38 59 72 63 98 5 25 43 65 38 36 44 61 36 22 37 64 79 61 31 95 54 85 53 89 80 8 56 16 60 78 86 96 68 80 38 68 80 75 53 84 19 62 
26 65 36 41 32 32 79 72 22 74 24 44 26 96 45 36 53 24 75 76 40 47 58 7 57 19 49 92 83 20 46 89 35 74 40 35 43 20 11 49 77 44 21 55 77 0 82 58 36 35 15 67 53 12 5 50 41 24 40 6 4 4 99 36 72 88 78 44 74 91 99 35 40 91 87 82 40 24 4 11 20 97 76 4 
7 66 5 73 77 54 61 91 43 34 70 55 37 39 55 21 25 65 53 35 40 80 8 17 89 52 42 87 18 10 18 33 44 34 27 55 67 88 40 78 82 66 92 40 53 55 35 84 28 87 51 57 5 88 81 21 27 65 20 21 69 85 81 32 70 95 26 5 87 26 28 67 24 64 0 97 88 4 1 11 7 44 20 24 
2 41 30 56 73 94 79 22 54 8 16 92 71 50 86 79 70 99 42 87 40 17 26 30 31 53 58 33 26 1 20 21 40 8 98 80 33 64 74 53 85 78 40 73 49 73 40 92 87 33 14 96 72 16 70 93 2 24 6 46 49 57 60 40 78 65 47 64 90 98 85 67 45 94 61 19 58 83 38 65 39 18 76 92 
75 22 41 40 36 51 45 58 36 73 95 96 36 91 59 44 92 92 0 24 14 30 11 46 73 65 75 90 2 35 72 49 1 30 42 43 26 80 79 46 12 48 65 34 20 96 75 5 15 75 0 32 69 48 61 91 14 89 56 26 7 64 41 25 90 61 14 92 67 89 27 72 63 34 7 17 36 91 75 5 15 78 28 18 
78 33 1 68 72 95 3 50 30 37 24 39 54 30 79 57 48 87 30 38 62 55 12 15 64 75 74 30 4 34 48 63 28 5 81 59 81 22 78 46 96 46 1 63 89 69 95 30 25 82 88 99 74 93 64 38 57 14 93 27 17 98 13 74 99 68 86 47 20 46 32 69 61 31 96 54 11 71 97 65 28 34 73 91 
69 37 59 14 58 2 76 24 56 95 37 60 4 2 11 84 1 24 10 4 44 32 20 34 64 23 66 20 80 27 32 86 40 21 62 52 56 52 39 97 80 83 98 13 83 91 82 6 60 31 10 34 2 61 22 17 84 26 20 47 47 73 11 76 80 92 52 0 26 20 54 46 2 41 64 80 27 35 53 78 25 16 75 65 
90 97 30 26 7 95 45 43 93 80 68 94 31 79 45 58 81 6 80 75 0 87 89 39 85 66 81 98 24 1 49 98 21 98 56 65 29 2 49 68 99 71 20 34 83 1 53 17 33 98 26 97 35 57 47 19 64 79 5 60 97 49 57 24 14 78 92 78 90 8 78 74 57 44 6 94 70 23 85 6 1 92 0 23 
75 67 14 87 1 76 3 99 24 58 6 1 42 19 53 69 86 56 98 84 74 89 56 93 74 88 20 68 70 36 46 84 80 42 60 5 0 75 73 27 9 88 72 62 8 87 32 99 89 79 64 55 26 15 16 23 21 4 74 45 83 30 80 55 82 73 83 9 15 33 60 56 52 27 76 11 21 67 45 94 7 80 45 87 
15 7 23 21 37 24 4 90 40 25 89 21 53 41 78 89 61 78 40 79 97 76 76 79 29 91 84 92 89 95 15 95 54 3 1 17 60 55 29 38 2 91 98 23 42 13 93 99 20 11 29 54 96 51 94 86 62 99 60 44 69 93 28 48 77 64 45 21 36 22 61 3 65 30 51 10 3 22 89 79 72 62 46 23 
21 42 34 18 51 59 55 98 80 21 68 69 84 98 29 27 36 8 1 86 4 52 44 80 61 55 33 87 82 75 29 33 68 36 14 89 62 19 71 42 31 64 25 43 78 73 7 1 64 61 75 62 12 67 80 15 45 28 73 1 46 92 28 72 42 6 32 76 47 62 32 89 52 13 9 42 20 8 28 38 23 10 61 68 
16 16 36 82 77 70 25 5 95 52 91 32 89 10 35 58 64 6 80 5 20 5 35 58 10 81 59 54 19 2 43 84 13 71 92 85 18 92 30 97 21 15 76 69 66 40 28 52 58 41 25 40 56 99 75 50 38 67 54 10 47 61 95 98 99 44 64 88 77 71 15 7 9 84 5 43 94 66 41 10 71 69 53 97 
18 91 22 46 19 5 87 44 31 0 67 25 17 95 20 84 16 10 88 23 75 49 11 15 59 7 40 75 7 36 61 4 12 14 39 32 31 37 47 10 71 67 90 69 87 3 27 31 73 69 78 47 70 52 46 12 94 24 21 37 25 55 24 33 64 19 26 6 50 25 78 63 47 37 21 24 82 94 10 91 98 73 60 21 
95 46 54 62 12 3 22 93 86 78 85 4 72 50 84 53 45 90 83 47 98 42 70 8 1 23 57 91 81 37 78 81 77 83 18 77 55 8 69 74 89 69 59 2 22 96 32 68 48 88 76 94 46 51 19 13 61 13 52 67 5 70 61 88 1 11 76 73 21 17 77 14 51 0 35 73 32 32 82 8 2 95 55 12 
26 31 64 85 30 62 26 99 33 47 11 26 70 86 50 42 32 89 35 81 15 19 77 43 9 91 6 41 79 83 17 42 54 54 51 90 71 40 96 72 43 52 58 27 49 92 0 41 42 49 5 69 30 90 25 39 24 32 25 10 68 12 41 46 75 49 94 40 5 0 98 80 26 6 37 26 45 29 52 93 29 75 57 84 
43 1 46 53 31 84 81 76 49 10 13 74 19 91 28 45 39 10 52 5 25 0 13 36 35 69 24 65 91 87 99 90 99 87 37 26 13 70 85 35 81 60 23 57 67 81 41 75 57 18 18 30 10 67 41 92 7 11 2 99 7 36 69 25 86 74 26 84 46 38 34 94 61 36 12 23 3 22 50 54 5 96 91 99 
84 66 85 32 64 17 0 55 16 58 5 39 59 56 29 69 98 5 26 66 12 40 24 52 83 82 50 96 80 24 24 40 19 93 49 93 42 1 22 39 60 22 26 32 70 70 93 19 20 42 36 67 99 94 7 1 95 6 65 95 45 42 57 37 27 69 74 82 30 81 22 72 82 83 4 5 84 60 60 96 42 57 76 28 
61 24 44 48 24 58 12 43 53 57 18 39 20 89 59 73 16 99 86 95 6 49 32 50 85 94 56 3 11 95 47 22 67 55 16 83 72 16 18 58 95 7 10 76 85 10 36 31 71 4 91 67 11 41 45 23 32 16 14 56 59 36 80 5 44 51 83 9 24 50 55 89 21 30 55 50 76 43 26 7 71 44 77 0 
91 10 31 83 49 6 1 92 54 71 11 52 45 56 21 38 77 48 35 83 99 91 55 24 40 93 96 62 62 79 80 42 1 13 47 35 66 72 51 33 52 24 84 36 65 42 57 42 97 77 51 66 54 71 94 62 29 87 34 56 37 97 59 93 1 81 19 87 88 46 90 1 25 91 64 37 1 45 29 97 13 49 94 55 
17 52 98 48 47 13 52 69 90 54 11 10 31 11 10 38 33 63 63 51 73 85 62 30 25 25 27 60 78 53 72 26 49 79 49 99 75 4 95 96 9 73 76 7 35 42 61 53 25 1 74 39 40 50 50 84 32 41 68 6 6 12 89 6 86 52 73 37 83 55 58 65 93 56 54 94 57 98 98 71 67 98 94 57 
6 73 41 23 70 71 3 50 91 51 82 88 67 51 24 76 72 18 41 82 83 57 88 50 1 76 23 78 80 36 21 33 51 70 10 82 84 93 42 58 55 76 22 43 52 52 54 15 2 58 48 41 95 26 76 47 51 51 67 79 44 93 73 56 92 65 85 10 30 49 95 13 16 94 21 88 54 58 33 90 49 38 64 23 
15 9 40 53 11 64 67 49 85 6 55 24 75 3 74 98 79 25 95 36 81 51 96 23 17 31 19 85 5 83 92 55 66 63 21 84 57 41 69 94 50 35 54 67 21 48 6 95 84 26 98 53 77 51 6 40 56 41 17 49 39 52 17 10 22 44 38 89 1 45 4 67 69 4 56 80 50 59 20 21 64 12 83 18 
50 82 75 50 44 10 83 76 21 54 61 8 91 88 77 27 19 38 20 55 22 93 35 83 59 20 68 96 28 7 7 46 43 1 52 66 68 72 41 92 0 8 38 68 66 27 80 41 4 0 66 43 86 38 24 56 2 80 99 35 7 3 23 84 47 56 3 31 69 40 74 3 97 58 39 63 11 57 28 61 10 51 65 19 
37 2 15 52 52 54 76 3 70 64 84 50 88 45 94 82 14 22 19 95 86 33 73 13 45 74 65 98 90 28 89 43 78 67 8 45 22 90 63 23 12 81 89 8 29 39 1 3 40 6 20 48 60 52 74 41 0 9 62 49 72 63 78 14 77 95 82 57 18 33 52 16 10 36 1 60 62 3 94 45 34 92 5 60 
40 84 28 20 81 8 45 0 17 63 57 12 32 4 38 3 58 10 8 82 7 95 35 84 58 11 47 5 1 40 74 32 36 44 67 69 92 45 80 69 79 56 53 67 92 76 12 39 0 78 98 96 24 40 16 26 75 55 23 27 37 14 38 45 34 0 65 10 4 58 4 47 96 70 54 53 59 68 80 69 14 20 46 40 
33 53 64 92 0 30 51 31 9 98 34 74 72 21 80 1 30 5 36 57 14 50 73 35 93 64 69 29 58 13 8 7 13 3 62 97 9 96 89 84 1 51 50 35 96 22 23 46 53 27 50 86 66 84 41 20 41 16 5 36 74 96 5 52 36 82 72 57 70 29 67 78 90 43 2 52 45 56 27 34 66 24 76 63 
85 27 30 5 92 96 30 64 65 13 92 37 59 90 92 5 59 22 21 39 56 72 41 89 18 14 2 41 84 56 55 33 37 91 80 6 77 72 5 31 74 53 86 43 2 39 51 27 56 23 89 29 74 59 60 22 49 12 90 67 48 83 91 65 36 77 16 6 13 96 65 32 15 99 13 37 0 65 80 37 21 7 41 96 
24 84 19 96 65 75 99 83 61 45 27 89 41 76 81 42 44 79 88 59 39 7 87 68 21 52 9 17 94 66 32 22 96 99 74 61 33 74 83 30 72 37 93 7 47 0 27 78 61 55 88 21 93 66 99 56 15 92 56 1 23 49 90 97 59 76 41 91 95 70 64 59 77 65 27 46 84 98 11 89 32 6 82 64 
95 0 22 48 87 4 86 64 69 87 56 53 35 27 87 5 70 82 1 24 67 40 94 46 10 41 19 8 58 66 1 38 72 43 51 49 28 14 75 63 26 28 29 92 16 28 77 83 58 22 79 66 66 65 58 56 95 54 10 63 34 29 91 49 80 21 98 95 47 0 59 88 3 81 33 84 49 99 91 70 59 75 8 76 
3 57 42 46 54 48 37 33 89 92 30 23 87 50 63 49 55 43 25 93 80 41 25 89 71 32 85 52 36 72 66 8 58 64 71 78 47 20 26 7 91 59 27 7 73 17 79 12 25 71 78 16 94 13 32 52 45 6 2 75 19 14 13 95 62 7 33 7 46 40 3 44 11 18 94 61 18 26 29 92 88 8 34 19 
51 24 86 49 60 19 44 46 63 88 55 20 71 72 16 77 62 7 7 42 66 41 95 70 33 38 5 68 90 22 1 93 24 79 15 68 24 9 9 69 72 43 14 68 79 44 36 96 45 94 15 15 19 44 61 8 44 28 79 61 75 69 86 62 10 5 68 48 28 13 98 8 90 6 17 55 71 62 24 28 82 16 5 15 
59 23 98 61 59 65 28 6 4 9 99 59 71 90 4 46 40 47 70 91 17 37 80 25 62 36 5 85 29 34 64 79 85 65 48 80 44 24 3 45 20 38 62 10 21 11 43 6 37 31 79 98 33 9 48 29 57 73 47 4 42 22 52 15 66 16 95 77 40 41 52 88 24 8 71 33 50 59 89 67 63 33 91 26 
75 45 56 67 79 76 94 16 25 39 54 91 57 34 41 0 71 57 20 59 92 66 80 19 16 46 27 22 53 57 63 94 21 49 40 77 41 47 50 4 2 2 85 54 7 45 40 57 1 23 6 95 27 25 76 36 33 13 76 54 63 55 86 77 92 98 49 61 2 12 98 11 45 14 41 21 7 79 33 77 90 80 26 16 
46 2 62 72 59 72 64 84 10 75 26 33 0 51 25 28 8 5 75 62 62 48 95 7 18 81 0 86 86 83 36 90 72 87 59 31 84 97 32 96 2 40 93 54 13 45 42 29 63 8 77 10 9 75 89 37 63 75 17 62 74 92 41 28 61 41 46 97 30 55 91 70 34 12 20 98 20 55 84 37 64 22 20 48 
14 67 29 75 51 65 76 52 12 28 76 83 55 72 25 27 44 15 89 93 91 29 55 22 63 78 45 32 74 35 35 14 58 33 75 45 90 95 40 8 61 35 25 58 39 16 78 64 37 79 43 81 40 44 2 79 15 93 7 81 82 67 23 50 27 68 65 34 39 77 6 14 78 43 57 82 8 77 34 44 43 14 71 72 
2 70 52 12 37 36 17 81 56 10 20 87 82 13 17 23 26 6 22 59 73 14 2 43 11 15 53 67 61 65 91 84 8 77 46 77 7 12 36 24 23 55 10 69 79 47 90 83 28 68 43 41 3 28 95 33 19 29 99 45 62 87 79 98 11 14 76 46 54 16 59 41 39 16 69 32 75 14 21 39 61 45 47 62 
61 80 5 15 14 1 31 42 88 13 25 1 22 65 34 3 63 29 90 25 98 19 60 5 68 27 92 71 4 15 96 53 65 6 90 34 4 26 51 23 14 94 31 6 74 30 76 17 92 98 53 68 17 62 32 66 87 97 61 30 34 92 51 58 41 3 25 5 70 59 49 90 44 38 16 81 19 8 1 50 75 23 89 33 
22 79 33 29 17 41 72 61 18 73 31 25 99 54 74 9 7 61 17 53 86 86 89 5 0 85 50 0 94 29 92 89 13 80 7 69 48 26 19 76 36 14 82 58 9 39 21 94 88 32 61 59 44 38 24 79 53 76 99 22 47 7 53 31 53 39 97 2 50 40 60 42 22 11 82 14 17 27 95 47 97 5 67 16 
46 52 7 75 3 32 32 48 37 26 29 21 67 5 76 36 93 28 34 56 1 20 64 99 13 93 59 77 29 50 89 89 48 66 30 32 14 2 64 74 95 65 2 96 62 82 88 24 43 89 50 58 76 33 76 95 84 54 93 52 36 4 60 16 6 20 91 92 45 55 0 33 63 80 87 63 31 6 65 0 18 8 6 55 
57 30 94 13 81 89 90 56 67 30 15 71 40 65 28 76 68 41 13 15 8 32 28 64 2 48 63 18 64 16 84 52 12 90 81 49 10 3 93 0 62 14 9 81 58 17 28 58 24 41 36 10 25 92 90 52 69 30 61 13 31 85 96 37 2 47 66 92 82 67 2 64 36 3 29 82 16 56 27 42 57 95 76 33 
24 17 19 19 59 51 36 61 89 80 76 17 58 79 45 20 53 97 18 18 26 8 8 58 10 60 2 52 78 7 67 40 96 2 82 20 86 70 96 34 25 33 30 29 45 56 50 91 18 26 47 92 71 15 38 49 77 70 20 51 8 37 70 71 17 51 60 40 86 25 53 88 34 38 13 69 35 24 17 43 35 97 59 22 
48 66 82 87 43 84 17 28 54 28 93 82 75 81 7 78 52 78 86 96 58 89 29 24 91 32 97 22 11 3 54 42 16 82 22 65 37 97 58 87 61 14 68 14 45 83 78 59 84 70 1 5 40 38 51 15 45 12 23 75 66 51 10 10 84 0 76 74 79 10 82 87 44 1 55 77 85 62 29 59 49 49 88 66 
52 28 6 38 54 96 27 22 24 33 73 66 55 86 1 33 58 30 93 5 52 95 81 53 22 13 20 29 8 83 64 65 74 19 50 8 10 84 53 88 45 2 6 31 50 85 33 32 12 49 7 65 17 2 83 85 56 45 48 11 84 28 20 29 97 32 48 78 32 52 24 23 69 9 34 1 89 33 95 55 22 20 81 94 
65 12 13 97 79 53 76 62 77 68 2 47 43 26 35 39 21 4 9 25 48 6 96 8 71 5 60 36 97 87 14 77 83 15 54 21 87 93 1 21 49 7 92 37 79 49 43 41 32 27 92 49 14 10 48 35 92 83 13 44 47 76 2 53 41 8 64 58 12 42 25 74 5 36 35 21 25 82 12 14 2 79 81 27 
59 69 90 19 81 54 27 40 2 22 9 12 11 67 53 82 55 79 90 34 60 53 99 57 53 93 55 46 74 78 28 15 47 38 50 68 62 33 45 51 28 38 84 75 6 72 58 31 78 28 87 44 83 57 43 95 55 80 58 22 97 89 52 61 86 37 73 53 38 10 65 1 39 74 14 73 58 38 3 64 62 98 69 53 
45 43 72 98 43 54 52 54 94 5 50 42 25 83 22 95 49 23 85 42 77 21 47 60 6 59 79 69 59 12 47 33 32 24 31 62 77 28 2 38 94 52 62 20 14 67 22 21 56 61 39 74 76 48 20 41 3 62 55 94 61 43 85 87 12 56 57 84 49 52 18 93 25 31 96 29 54 13 60 45 43 40 79 94 
47 50 52 63 4 98 67 27 33 46 71 72 22 35 53 54 52 21 91 72 93 14 87 24 93 30 84 80 45 4 11 16 89 8 39 80 22 17 3 37 85 86 50 60 57 42 85 6 72 12 5 30 65 53 76 53 12 33 74 49 11 49 33 22 88 29 22 81 44 33 79 67 70 62 25 54 34 74 95 83 98 4 61 84 
11 35 67 0 17 63 86 18 16 43 94 47 19 29 87 41 39 55 86 0 85 34 12 51 53 74 25 25 90 26 74 86 35 78 52 58 13 91 29 40 73 30 94 75 5 13 68 38 26 11 58 74 24 43 43 51 69 25 79 16 17 77 8 63 62 73 27 5 93 49 22 54 45 66 53 82 80 40 61 81 58 5 77 61 
44 32 87 73 90 59 31 92 5 81 63 36 36 11 59 27 47 62 26 1 57 74 18 45 87 87 84 33 42 1 27 87 46 18 35 18 26 83 23 78 3 27 44 25 48 30 13 31 41 89 51 5 52 24 59 74 50 97 83 51 23 91 74 97 96 0 11 30 38 63 64 24 56 26 2 86 67 20 9 9 73 35 55 50 
51 50 82 39 81 22 93 11 24 47 84 92 68 74 80 0 80 77 66 72 2 55 45 62 12 14 99 53 89 11 53 99 2 21 83 59 0 59 71 84 46 52 98 47 96 53 1 85 12 78 77 13 82 29 22 97 60 84 91 55 27 14 14 41 40 74 28 70 51 75 71 83 9 20 60 25 26 64 2 60 9 70 9 43 
97 48 76 53 98 14 52 12 37 11 93 75 37 75 71 80 14 27 51 0 4 37 70 61 29 16 27 83 56 49 53 58 9 77 79 8 27 44 95 22 1 86 26 42 14 5 1 93 85 70 19 18 7 45 43 44 24 44 45 96 20 55 54 75 32 64 19 6 90 30 44 35 49 48 69 78 23 32 14 65 92 56 49 86 
43 2 81 23 57 72 59 91 82 48 12 12 96 3 41 21 16 76 98 86 72 96 43 62 7 88 70 29 19 30 7 36 48 77 14 99 39 61 65 9 14 24 82 87 79 32 72 95 32 29 11 91 26 50 43 63 47 48 93 64 38 64 84 23 41 26 38 98 41 50 44 6 39 27 82 39 92 3 44 32 87 63 53 71 
94 35 85 93 10 14 82 22 77 76 32 36 67 1 95 90 97 64 91 94 37 92 66 96 42 23 94 54 5 52 89 44 70 87 61 83 84 36 22 3 4 60 28 27 57 38 71 22 18 98 90 12 21 77 75 26 3 96 0 79 41 46 95 36 21 48 60 14 87 56 61 83 59 80 27 7 32 37 60 54 12 16 85 73 
14 92 4 93 94 19 41 55 15 35 82 69 3 53 17 14 88 72 82 50 86 39 33 61 91 6 91 15 2 39 29 68 53 99 87 78 82 27 74 16 64 68 20 73 68 91 93 14 22 94 99 85 14 49 39 77 7 60 59 99 82 83 81 18 86 76 90 27 49 0 85 91 52 49 47 51 27 12 34 63 59 8 30 99 
97 87 8 54 27 33 83 52 87 86 49 83 92 88 46 94 66 75 69 47 98 98 8 35 46 63 58 69 55 75 16 72 4 0 80 61 40 83 54 21 61 10 18 63 8 79 47 66 81 99 14 54 42 95 14 10 40 61 68 75 27 7 53 0 0 40 23 82 69 28 33 57 60 55 58 89 21 25 41 43 90 53 32 33 
98 64 23 98 69 97 93 86 2 16 76 31 47 12 18 68 15 6 12 55 72 48 51 89 63 50 27 45 33 16 36 44 43 69 57 25 69 92 11 62 89 38 6 21 42 75 68 64 50 30 90 48 93 65 29 85 80 50 90 65 53 41 13 34 71 33 73 54 96 9 48 62 68 36 83 79 62 38 53 41 17 68 21 21 
55 7 70 31 93 40 34 53 84 35 99 44 14 78 91 93 95 32 12 79 14 80 95 15 13 88 17 20 44 0 91 39 78 73 32 80 93 14 47 15 61 42 43 57 23 78 18 70 72 10 29 44 91 40 66 55 29 22 37 33 44 70 9 61 59 87 75 67 29 58 28 14 52 23 72 35 83 34 64 25 24 90 57 91 
64 38 39 38 16 55 76 88 53 10 19 82 40 2 73 73 64 34 95 50 5 57 66 15 70 35 71 43 95 93 23 73 85 72 91 84 16 87 26 12 14 3 88 32 10 30 72 58 96 32 86 91 89 24 46 4 6 99 84 30 41 14 28 17 13 79 74 1 44 99 24 6 96 23 66 35 97 49 83 17 81 21 70 94 
34 65 98 48 2 39 26 84 78 14 58 61 1 71 88 2 11 86 21 25 90 9 91 1 81 65 74 71 28 89 78 49 93 76 24 84 44 43 23 76 99 3 91 22 0 29 41 17 19 13 69 14 20 64 23 71 3 30 42 20 92 56 48 90 66 68 36 63 24 67 73 2 2 44 15 11 98 55 28 28 75 7 45 77 
12 61 88 90 89 35 82 27 94 98 54 24 89 81 60 74 55 70 81 62 44 54 84 86 25 13 66 22 50 56 23 2 11 48 61 41 80 80 94 81 82 95 29 6 30 43 30 29 45 38 71 9 30 91 56 28 35 45 27 79 98 93 13 64 12 14 9 48 81 18 90 18 79 71 41 19 66 95 29 80 93 6 18 5 
38 7 94 16 16 94 27 95 6 9 95 83 29 53 93 87 34 60 83 33 18 69 49 56 51 17 30 34 95 29 72 32 6 69 14 96 57 31 93 15 26 37 31 25 46 62 80 42 57 27 56 63 46 27 11 98 78 39 23 83 29 92 83 29 0 37 49 57 13 90 2 9 34 36 23 80 96 12 80 90 20 86 58 88 
3 71 41 22 68 48 70 17 40 64 24 44 42 44 94 34 21 77 10 67 97 18 90 61 58 1 71 25 97 61 39 59 90 19 96 55 11 97 11 18 18 99 71 73 14 45 33 60 4 22 61 76 57 64 45 63 61 52 26 9 70 9 29 5 59 65 75 13 93 68 4 95 67 90 23 48 82 80 87 87 47 87 19 20 
37 73 90 3 81 76 5 17 37 77 67 62 17 34 88 32 56 49 99 27 54 49 85 18 88 34 51 71 34 69 99 67 81 74 19 13 57 83 56 49 88 22 46 21 41 62 97 52 53 91 11 15 80 48 90 81 70 14 97 7 80 60 58 65 73 6 72 8 57 7 35 49 29 67 28 7 38 81 27 61 49 6 29 39 
8 3 67 11 39 97 17 87 65 44 40 91 13 9 7 33 42 41 81 34 15 64 27 83 93 7 86 68 87 26 43 14 63 34 39 79 38 70 32 73 11 73 77 51 5 36 42 4 40 18 67 70 49 50 55 22 58 68 70 68 26 65 51 65 1 56 76 73 25 90 45 63 63 10 52 83 33 34 72 44 30 12 49 87 
33 0 70 12 56 15 18 56 92 76 73 40 41 23 92 57 55 8 4 41 11 5 63 62 46 36 41 10 77 84 82 60 26 31 78 21 99 26 11 74 31 73 51 50 23 1 1 44 7 92 61 29 31 93 32 60 42 69 86 66 60 50 52 37 12 54 50 8 24 91 5 38 53 11 11 88 24 16 67 88 23 71 45 49 
34 9 60 53 10 42 10 51 32 37 21 54 75 17 50 38 74 0 24 82 1 47 4 38 39 2 16 59 62 88 75 45 17 14 82 86 66 29 9 34 52 71 82 23 38 61 51 30 98 47 31 7 27 88 70 51 97 96 66 68 24 56 35 31 15 45 32 89 90 37 60 63 57 43 74 5 47 50 76 41 72 49 8 10 
46 62 18 60 26 26 62 35 57 78 58 81 85 36 24 96 27 79 66 13 98 56 19 22 33 74 1 43 59 83 65 6 32 66 71 76 37 44 44 20 25 34 43 51 10 84 63 66 67 22 15 77 76 72 63 64 0 87 43 12 60 19 50 91 56 8 65 65 91 98 32 12 44 69 94 95 87 17 8 99 11 47 95 86 
42 57 75 90 16 45 25 11 42 42 65 49 58 94 25 93 19 64 5 73 46 94 15 51 68 67 81 75 52 72 71 94 89 52 83 16 61 79 95 69 2 11 0 84 14 98 2 24 6 5 77 9 63 6 35 95 4 78 96 66 76 4 66 39 5 33 39 94 35 1 41 65 39 60 85 72 88 48 56 87 63 83 70 7 
15 96 13 44 31 37 90 37 77 44 12 57 29 33 74 1 74 16 32 12 25 80 62 58 24 95 27 10 38 21 8 51 54 0 73 34 6 42 99 59 45 11 93 29 77 82 49 43 66 59 59 86 98 98 35 41 78 83 24 65 25 98 85 49 32 79 68 97 49 20 67 55 74 46 78 87 90 36 32 10 96 66 58 46 
64 84 82 17 94 53 73 11 10 99 91 45 89 80 21 56 67 6 29 95 74 12 22 47 76 41 71 97 62 66 41 85 7 64 21 18 56 24 65 1 57 49 59 88 13 48 40 96 48 21 26 22 27 29 69 92 14 60 53 84 5 27 53 87 64 0 77 56 96 13 93 82 7 10 21 32 65 98 65 13 37 34 62 5 
91 10 80 3 64 60 44 63 25 47 21 19 54 22 38 39 78 71 39 15 27 95 9 3 83 54 49 6 70 99 81 86 72 78 94 71 84 11 30 42 34 64 50 50 34 99 48 80 30 14 70 44 10 8 74 44 48 97 11 76 94 81 75 75 29 89 35 69 27 71 28 38 93 74 54 92 95 43 58 13 52 11 46 13 
56 53 70 7 33 58 11 66 62 80 35 98 41 76 84 97 91 14 57 50 8 92 35 4 38 46 13 20 88 29 84 5 40 5 79 64 48 2 18 89 41 16 26 9 30 11 63 38 24 74 27 21 68 70 44 91 43 28 81 28 11 73 47 73 2 14 6 36 94 84 47 5 48 52 32 43 23 77 22 50 66 84 68 21 
34 49 86 65 69 40 26 73 59 94 99 84 43 7 38 29 44 4 26 10 22 82 61 73 24 14 41 94 27 44 61 37 92 24 27 77 49 44 32 72 17 40 52 15 39 95 1 25 76 47 87 35 92 9 52 17 88 34 86 73 94 14 98 66 72 92 65 32 6 42 66 59 22 12 3 58 29 7 65 7 68 37 47 68 
6 80 82 16 45 34 35 93 61 46 18 26 4 12 76 30 20 24 33 52 20 85 79 72 61 32 51 83 58 4 57 79 39 68 95 35 22 58 51 35 40 56 54 15 10 48 70 66 77 40 29 69 60 64 64 10 25 0 90 65 24 26 81 2 71 10 19 41 79 81 23 6 12 7 99 88 72 81 61 73 42 15 86 8 
23 68 3 24 74 60 24 77 0 95 60 90 55 40 10 70 76 15 9 51 92 45 15 88 96 38 56 31 37 2 7 8 91 41 55 53 87 56 71 84 88 90 36 30 70 79 27 58 69 77 51 82 93 4 38 94 88 56 16 43 98 15 10 54 14 40 44 94 85 32 24 40 14 63 35 11 49 23 91 5 30 10 89 78 
95 6 6 55 42 54 64 6 5 71 37 20 54 20 22 3 83 56 19 51 40 27 53 65 84 72 30 20 35 62 81 60 25 73 85 12 29 44 32 83 72 46 48 4 69 14 50 15 75 67 80 28 53 25 68 59 90 42 40 90 8 18 53 16 84 94 32 66 92 51 60 16 6 83 69 44 57 77 51 71 25 87 90 43 
64 77 62 14 60 29 96 62 49 17 32 61 79 13 43 95 17 62 56 50 57 0 50 46 4 41 45 95 50 51 86 8 99 24 74 18 33 24 84 2 26 76 6 60 78 90 33 45 35 50 45 0 1 48 32 25 53 95 49 74 81 10 32 92 89 42 33 10 46 89 10 53 75 82 40 21 35 69 24 75 58 18 50 20 
71 58 31 1 43 62 45 9 91 61 12 85 86 65 22 39 86 14 58 4 81 51 1 43 55 54 86 1 2 14 72 67 51 32 83 39 52 39 84 44 80 77 54 5 10 68 53 49 2 49 10 13 34 56 33 7 45 25 64 24 30 23 13 20 40 4 80 13 59 17 35 90 43 28 21 11 4 48 6 71 1 12 8 21 
15 61 21 13 18 45 33 78 8 73 27 1 58 19 93 29 20 45 52 8 0 63 46 47 18 91 2 86 8 28 50 89 8 92 16 88 17 88 7 33 95 34 26 75 90 13 59 25 10 2 54 98 28 6 57 49 51 25 96 30 10 29 98 8 38 3 74 85 28 8 68 7 75 64 64 85 16 74 74 63 27 68 81 87 
91 29 21 82 35 48 56 94 56 55 4 50 83 22 11 59 55 74 93 42 64 47 35 49 63 94 25 67 58 60 41 84 8 44 80 96 70 6 74 95 5 98 26 23 68 60 96 59 59 67 78 30 50 42 22 36 24 13 86 87 63 1 35 88 56 14 72 41 28 95 39 1 26 6 54 88 82 33 80 93 23 21 67 97 
77 69 29 17 74 51 63 32 78 75 10 85 78 85 34 28 5 6 62 71 35 39 61 59 23 6 59 45 12 33 11 16 41 45 81 93 14 59 93 55 63 47 78 33 27 27 74 81 9 95 99 10 47 12 75 82 21 2 81 42 50 79 83 0 50 73 9 44 3 3 24 7 94 29 64 12 6 18 12 44 89 7 91 42 
