43
5 84 53 14 26 48 91 5 23 15 3 48 4 34 34 38 79 44 6 20 15 83 11 78 79 50 66 99 34 57 41 15 85 62 21 55 36 19 63 10 46 56 74 
34 35 7 47 13 68 77 43 64 49 96 34 35 40 4 77 39 23 92 69 44 0 48 39 50 44 39 69 12 17 22 71 16 70 79 59 66 97 16 91 64 85 98 
69 79 23 22 25 76 33 12 58 22 45 5 27 55 8 99 33 6 92 96 15 25 21 4 83 41 68 33 4 96 30 40 68 33 2 15 74 94 22 13 49 79 49 
18 93 55 91 45 56 73 66 48 82 78 16 55 62 9 94 56 32 88 56 79 99 62 24 82 68 58 73 52 1 75 20 96 17 53 49 37 89 41 32 76 92 21 
64 54 60 19 26 40 56 60 95 41 87 1 59 92 30 66 85 44 79 92 29 53 6 17 18 43 84 73 5 85 80 52 55 36 78 91 77 87 24 97 62 37 31 
83 4 6 61 20 56 25 45 75 48 42 41 23 98 68 42 2 30 31 63 21 34 10 54 56 38 80 39 41 63 12 15 76 58 82 14 91 85 40 41 83 2 31 
66 39 64 60 50 52 2 39 1 2 1 55 59 91 27 18 86 46 25 68 15 40 85 97 26 26 84 81 35 50 51 28 93 61 10 61 44 86 18 7 38 6 37 
71 58 36 8 26 49 35 84 13 40 78 70 11 52 0 21 22 73 89 78 33 49 34 47 46 12 5 46 79 81 5 60 55 77 14 46 41 56 64 72 66 21 94 
53 19 62 90 52 25 93 16 56 73 67 36 19 28 95 25 77 49 48 48 4 27 90 50 96 37 15 5 73 55 35 78 5 51 22 61 45 30 70 14 60 30 39 
45 19 29 12 37 39 80 57 89 23 97 44 63 63 83 45 27 79 77 16 76 83 90 82 86 35 8 0 28 83 14 61 12 85 9 60 22 97 64 89 66 34 80 
72 18 99 79 43 40 7 35 26 69 86 99 38 40 88 27 68 29 28 91 33 65 50 90 97 79 11 44 47 78 74 33 36 71 19 81 25 54 71 94 84 44 75 
28 16 54 80 0 61 75 4 35 6 85 38 75 1 10 88 77 73 17 82 10 11 98 67 40 19 80 20 60 79 66 5 3 10 10 21 66 31 35 6 3 33 90 
1 29 59 72 88 8 21 55 73 38 89 18 41 10 97 62 26 40 78 3 61 18 17 48 44 46 58 64 99 67 62 18 11 26 31 48 16 79 92 28 69 42 43 
20 58 90 30 48 85 11 57 46 23 3 9 50 89 27 99 84 30 92 89 47 29 58 94 8 84 59 18 80 80 65 44 75 0 87 99 82 14 76 64 36 66 91 
46 85 72 81 5 24 44 95 5 63 97 76 67 57 91 4 2 52 84 20 48 88 87 99 80 53 83 32 20 77 42 58 99 70 53 57 5 11 85 23 51 37 92 
0 6 30 42 46 77 27 64 98 75 99 74 20 68 44 21 69 4 60 72 68 97 36 20 6 21 74 40 91 7 22 11 71 44 53 20 97 56 81 91 99 70 76 
94 91 5 50 9 86 52 34 36 1 84 79 58 32 43 41 89 51 1 84 68 16 88 15 98 37 44 30 11 76 4 54 14 28 61 57 9 76 20 71 33 8 8 
55 93 24 50 4 73 34 1 33 20 43 14 51 71 78 60 30 39 0 1 5 79 83 97 64 18 54 5 94 47 79 9 52 90 70 15 38 24 90 22 51 52 17 
18 39 52 99 67 93 43 80 58 75 84 84 33 32 21 81 98 80 43 25 10 31 89 41 20 63 29 77 21 64 38 73 77 16 9 18 92 28 95 75 34 30 86 
7 8 75 0 76 87 89 93 57 80 10 75 65 23 37 37 40 2 15 84 64 50 81 57 73 28 13 58 81 5 27 21 44 48 31 61 51 41 80 32 64 15 51 
30 27 44 18 11 44 61 76 20 49 97 99 84 45 19 58 38 87 63 17 24 78 91 15 10 67 35 22 29 15 47 65 52 86 37 75 28 31 38 60 28 12 39 
74 7 47 20 66 30 44 85 81 75 71 30 58 33 7 77 62 11 52 47 76 75 46 80 11 47 54 24 85 34 62 22 70 81 41 1 45 14 53 62 71 15 46 
20 34 9 84 71 42 95 28 92 72 9 76 24 39 5 25 56 21 28 83 56 22 59 36 4 96 66 61 30 98 4 42 91 55 85 5 6 56 36 79 43 30 8 
91 30 3 25 20 18 3 41 97 17 66 45 60 82 17 50 92 70 95 45 76 81 71 71 78 13 80 95 93 45 8 74 32 72 78 84 86 93 11 52 39 43 84 
50 44 54 38 30 75 9 42 2 92 67 92 78 72 80 15 95 89 9 96 53 90 68 1 17 81 23 29 75 90 4 54 51 14 62 98 83 50 35 22 41 90 93 
40 9 71 48 65 13 85 41 93 27 21 61 76 13 59 98 81 89 20 0 16 31 17 40 76 87 35 76 80 47 50 10 97 50 21 60 42 69 44 6 83 26 10 
8 22 4 18 63 11 62 48 81 4 99 64 73 71 55 16 25 64 82 20 32 78 48 40 68 77 30 61 56 90 64 92 56 36 52 12 78 76 45 99 9 28 18 
17 53 40 83 1 45 17 14 0 5 35 19 12 84 35 72 10 27 46 68 88 65 6 68 87 54 63 72 88 83 80 73 26 23 36 71 29 4 12 74 6 86 61 
67 24 21 75 56 33 3 12 38 21 43 27 30 89 77 76 90 48 7 98 99 20 61 96 80 72 11 29 51 53 91 46 75 80 6 54 22 23 3 30 25 20 47 
40 43 39 37 47 55 30 22 36 97 44 89 86 8 19 60 19 17 47 91 16 13 72 15 44 77 96 84 34 99 36 68 48 90 77 7 12 15 58 27 6 58 4 
60 52 8 65 94 71 14 78 95 97 40 38 73 85 57 44 62 19 63 9 34 65 75 79 18 23 78 53 26 26 75 9 90 57 52 30 10 16 57 20 67 71 20 
31 58 96 3 87 8 37 53 44 82 49 15 88 40 1 48 42 47 78 15 15 50 42 65 19 94 80 20 47 83 10 97 21 93 78 39 97 56 45 73 32 50 12 
10 22 63 4 81 18 3 34 27 65 18 73 37 44 52 21 43 44 79 48 79 71 23 26 56 86 28 85 31 33 4 63 19 0 68 22 57 72 13 91 63 97 72 
51 10 99 3 63 99 91 70 34 78 66 94 37 31 98 93 15 99 60 24 78 23 73 19 30 88 4 65 61 38 18 64 17 50 26 92 35 40 32 93 73 99 45 
65 55 79 32 75 1 25 68 8 9 33 59 75 80 70 51 4 40 88 23 40 66 75 73 37 77 81 75 92 91 60 29 12 87 37 14 45 97 29 50 22 59 30 
4 38 45 39 52 49 67 34 34 43 6 95 79 77 21 58 32 23 98 94 92 71 54 48 26 73 66 83 25 41 53 69 1 62 7 12 44 80 67 88 49 68 81 
36 40 28 34 72 27 38 73 81 37 27 44 57 29 53 28 47 46 42 30 95 54 8 96 83 18 21 88 5 93 84 35 80 57 99 29 3 47 52 93 17 14 43 
12 24 7 49 20 65 56 92 23 88 75 99 54 53 62 81 9 6 22 34 81 53 89 21 9 14 30 54 76 15 39 71 39 92 21 55 68 41 91 75 60 63 96 
21 91 74 1 39 11 2 20 28 77 6 41 90 47 78 62 52 39 37 60 72 85 17 77 22 38 11 48 91 5 88 45 32 74 15 14 43 53 82 59 60 57 66 
48 50 75 86 88 6 11 8 26 49 81 72 3 21 29 39 98 17 21 40 6 17 24 94 30 10 12 33 47 59 0 19 90 10 52 43 29 47 43 77 37 54 40 
81 9 41 1 30 70 96 81 47 83 48 63 44 76 23 48 12 84 17 22 8 64 57 88 32 43 40 59 82 63 60 50 51 74 54 62 94 51 4 76 16 95 28 
97 26 97 38 53 82 74 58 51 29 85 23 88 14 71 85 63 28 2 81 30 90 94 43 8 40 97 73 47 79 92 63 96 94 63 39 94 68 24 25 63 25 34 
37 79 52 53 38 19 88 78 95 25 99 88 53 4 81 41 8 10 5 68 3 78 98 25 7 91 93 60 16 83 90 98 98 35 87 93 43 84 68 50 38 59 14 
