43
13 51 60 79 4 72 99 87 6 11 55 24 22 62 79 22 58 46 12 6 18 39 55 70 31 71 14 70 58 31 83 61 3 63 88 95 15 75 23 54 5 86 62 
41 62 78 32 20 85 50 86 92 2 58 76 94 91 13 20 15 7 86 89 76 99 72 17 87 84 10 85 14 24 16 75 27 66 28 27 9 59 82 71 59 78 59 
24 87 60 88 77 31 14 63 7 36 25 14 36 23 56 26 93 17 41 76 99 73 37 70 9 42 22 28 20 40 22 1 85 57 62 14 76 1 71 27 62 57 6 
50 40 6 78 65 99 73 9 50 48 21 80 65 62 45 53 83 28 22 68 42 33 26 66 22 42 2 92 2 73 20 0 0 1 76 51 8 35 28 48 11 52 44 
94 5 9 76 47 72 95 27 9 84 25 3 82 77 64 2 96 32 86 39 88 2 95 83 87 98 56 61 95 74 59 89 11 66 52 37 90 21 13 68 15 17 64 
97 91 13 3 0 65 49 43 16 86 15 11 33 81 73 39 49 72 36 99 86 85 40 21 46 41 21 11 68 42 63 68 7 70 61 43 57 3 17 5 42 58 68 
68 91 17 84 72 18 40 52 94 52 82 87 29 98 59 17 56 13 93 99 3 13 9 6 90 41 39 4 68 17 17 39 74 24 68 14 46 42 4 95 87 86 62 
66 87 94 46 68 12 48 13 65 30 27 17 23 2 63 73 69 11 98 97 64 85 77 38 85 3 39 58 7 95 41 18 91 81 8 17 19 20 24 94 85 17 1 
15 85 14 8 72 66 60 39 99 53 62 74 98 19 77 67 32 35 44 45 57 24 81 17 0 29 75 22 31 7 7 52 93 83 6 32 41 41 13 78 44 29 72 
95 4 78 89 9 20 36 44 94 32 67 88 82 15 51 17 38 40 34 58 22 73 85 15 34 75 24 55 97 82 37 31 3 86 24 38 57 84 92 22 55 22 14 
70 74 70 71 82 95 70 24 84 41 81 8 16 3 23 5 65 90 82 7 60 78 85 94 6 40 10 91 47 69 68 98 50 13 1 28 15 22 36 88 22 96 87 
11 85 94 44 93 65 72 25 59 26 50 32 96 87 64 4 8 78 83 90 43 66 99 68 47 35 91 87 53 47 99 26 19 2 69 99 28 17 44 13 68 73 49 
16 30 46 67 49 55 43 94 71 57 28 8 39 26 70 29 3 80 21 42 61 63 48 74 91 14 14 4 44 98 73 47 8 64 51 60 24 85 46 30 27 92 77 
29 6 13 41 61 11 38 70 30 30 95 38 21 9 59 64 98 4 61 51 70 54 53 86 71 71 65 4 22 44 44 64 9 69 19 67 39 8 77 19 45 56 80 
0 31 4 79 11 92 15 62 70 60 34 59 74 76 1 44 0 75 79 5 71 99 92 84 12 74 25 38 48 45 30 53 47 48 53 69 14 12 0 13 10 29 97 
49 44 95 89 4 86 53 50 15 96 5 3 68 68 19 14 21 84 57 70 51 70 88 56 43 10 53 74 41 43 99 98 46 64 60 81 92 94 19 45 21 48 42 
54 13 72 14 77 62 5 41 79 29 9 2 67 16 75 35 35 10 6 12 74 91 38 48 84 50 89 2 99 89 91 31 17 96 43 14 47 33 93 41 69 76 76 
71 25 31 69 51 66 33 18 28 5 25 6 98 6 10 94 58 49 45 93 6 57 87 33 76 47 57 65 77 84 30 96 74 4 65 43 55 22 5 4 5 34 70 
91 90 39 96 41 62 62 2 45 41 72 41 31 68 66 88 57 58 91 98 68 72 49 83 74 33 13 30 98 48 65 75 90 48 43 45 59 39 39 52 68 34 67 
79 27 93 31 49 24 90 68 1 44 89 75 71 59 76 50 49 18 8 59 36 31 12 17 73 31 85 91 96 90 95 18 12 92 88 96 51 55 15 62 1 64 25 
6 18 27 27 77 78 12 39 72 61 54 34 27 18 85 71 83 80 79 47 82 12 3 25 25 67 46 32 89 38 13 51 7 28 81 45 34 7 66 6 35 98 74 
99 16 87 61 30 59 32 18 62 57 20 2 51 87 62 89 49 13 7 54 75 94 16 51 15 21 82 62 9 25 82 20 5 68 1 12 46 46 10 9 61 17 92 
87 35 93 70 20 74 62 32 48 19 22 20 11 98 90 67 75 99 33 3 88 82 20 78 69 10 56 21 62 62 64 46 33 32 16 52 86 40 72 98 21 93 44 
7 83 39 36 85 61 17 68 99 30 57 58 46 53 31 50 89 54 39 67 45 57 67 76 28 68 57 68 16 87 22 3 60 87 69 21 36 65 62 9 0 62 78 
23 35 94 20 92 9 92 15 19 66 65 92 20 6 26 11 68 99 73 21 20 73 29 7 33 1 46 0 93 24 51 14 3 28 62 19 45 82 26 30 27 71 76 
3 72 29 36 77 93 77 76 11 2 8 43 51 6 15 28 40 7 0 82 15 18 62 76 9 81 21 78 92 22 23 90 31 74 59 74 35 35 65 79 0 10 15 
18 41 89 75 79 61 4 12 31 71 64 7 96 77 29 68 69 1 6 67 88 49 87 43 75 61 14 80 38 51 40 72 26 87 10 28 40 37 35 9 38 52 38 
83 51 81 73 28 59 97 73 90 61 96 97 72 84 99 91 45 25 1 99 80 87 22 65 86 58 29 97 80 86 60 14 5 16 42 48 73 39 97 41 45 29 77 
80 48 1 26 20 5 53 42 27 23 28 55 58 70 62 36 50 16 68 18 69 81 67 95 43 27 78 96 85 75 0 16 11 9 53 37 30 86 93 77 85 1 2 
93 29 31 82 75 49 72 24 11 48 76 5 42 41 30 89 58 28 80 51 41 43 16 14 79 54 95 29 99 49 58 77 36 15 57 72 10 46 56 42 17 73 73 
65 84 63 70 77 19 80 85 45 31 67 41 50 14 14 77 73 60 22 49 29 24 54 57 27 37 66 47 14 94 9 60 3 48 64 47 25 39 16 17 50 34 68 
16 70 53 27 19 34 35 4 44 42 17 31 59 0 23 25 67 31 44 65 26 63 88 69 64 56 58 76 73 23 0 77 89 46 45 94 86 71 45 72 58 75 20 
6 66 5 8 54 34 82 5 91 46 10 41 66 39 73 57 8 28 79 31 51 32 81 80 81 41 96 70 22 2 5 87 96 62 84 58 54 77 59 4 21 9 11 
46 94 42 97 58 59 30 10 8 74 65 65 96 26 64 58 65 21 85 28 88 71 24 57 59 92 33 54 85 25 82 82 32 29 18 56 95 75 96 32 78 45 83 
64 48 75 68 20 87 70 32 92 78 69 83 74 0 9 44 63 13 81 89 8 3 72 28 45 31 95 93 54 54 4 84 47 79 18 16 82 95 40 69 36 57 72 
43 25 80 28 43 29 34 11 15 11 3 26 10 30 66 3 10 99 0 72 67 9 63 26 37 48 27 44 21 9 13 50 61 17 36 66 54 5 34 65 96 21 75 
92 81 61 69 31 22 43 71 77 75 16 40 18 30 63 5 97 20 8 67 65 12 39 28 74 1 95 40 86 90 54 99 86 5 91 90 11 57 19 24 62 5 58 
20 60 31 66 57 12 82 14 85 35 33 37 15 17 51 14 60 73 48 32 81 27 89 15 47 75 32 54 47 79 21 68 53 91 17 69 28 84 42 82 17 34 99 
61 62 22 22 28 86 64 99 29 51 68 7 91 39 28 55 48 59 42 19 50 85 42 8 33 42 62 6 66 34 20 18 90 69 30 56 71 26 18 93 41 37 64 
42 33 41 80 44 45 73 36 7 71 2 83 22 81 7 50 61 39 84 15 71 81 95 29 19 32 96 47 57 78 41 8 65 10 32 84 65 62 37 87 93 21 3 
1 25 57 94 91 10 65 87 17 9 77 49 41 65 23 1 42 12 18 69 99 90 54 77 84 38 38 78 23 69 22 8 64 37 61 28 9 11 0 43 61 61 50 
67 97 20 15 16 37 93 32 41 22 87 56 13 28 46 29 77 99 19 71 2 20 57 6 64 65 74 4 25 47 78 64 24 47 46 54 1 87 37 96 11 60 45 
46 57 89 33 84 62 84 18 24 11 24 33 27 35 99 40 72 59 86 9 52 17 80 56 6 88 12 83 91 21 22 1 58 71 29 48 97 4 30 0 0 69 2 
