99
10 7 27 30 57 52 0 85 97 45 34 78 96 29 18 62 43 41 56 94 98 21 69 81 8 71 78 4 36 65 32 79 18 25 17 57 55 55 9 37 59 91 10 77 49 86 94 71 34 65 62 43 88 80 49 95 34 65 67 39 77 83 96 18 37 98 69 77 45 75 0 15 90 69 17 97 15 24 46 37 87 20 29 46 8 94 93 75 7 47 13 5 72 86 61 19 47 21 7 
49 79 76 39 57 37 34 48 3 57 72 97 31 0 64 36 97 53 95 90 28 49 92 57 84 70 9 56 42 49 91 11 26 36 98 44 2 91 58 69 6 24 3 1 40 70 40 23 34 11 75 32 74 33 21 94 21 71 72 25 52 69 79 6 92 21 5 8 66 82 22 46 15 55 75 76 70 38 85 38 77 31 26 11 61 71 28 28 39 42 54 47 63 21 85 99 19 38 72 
42 9 93 25 83 38 27 13 55 32 18 70 62 59 69 3 55 57 64 93 91 88 91 41 56 97 91 2 83 22 77 41 8 63 8 0 58 18 55 77 94 67 0 48 46 68 76 96 87 59 70 2 36 65 23 39 6 17 40 30 72 2 57 54 92 53 47 2 57 77 8 39 36 45 58 86 14 80 25 71 68 93 18 26 94 37 46 22 38 11 41 55 20 22 96 57 35 34 45 
75 51 80 66 26 63 16 62 68 39 94 15 62 90 73 73 46 77 65 55 24 64 91 60 95 11 63 94 44 17 57 8 64 13 62 88 20 25 78 50 11 16 23 70 43 49 26 17 40 18 85 31 38 63 61 87 50 31 85 72 60 17 76 87 0 65 93 46 48 11 25 64 22 21 71 72 99 32 20 44 16 16 0 65 40 76 2 13 11 70 55 38 45 49 63 42 68 57 81 
93 49 72 60 82 10 26 69 26 70 80 39 72 60 31 71 26 22 51 88 97 30 43 78 71 91 27 8 13 71 49 28 97 44 2 44 66 78 36 62 67 4 9 19 67 31 15 70 33 72 88 21 89 8 6 2 43 82 32 56 40 18 79 60 81 62 35 27 71 98 78 85 97 77 11 21 79 2 97 76 3 81 87 72 80 80 32 23 43 14 76 12 95 79 45 77 73 57 64 
23 0 39 28 0 8 65 66 40 50 27 72 2 52 15 31 73 73 26 76 12 51 79 86 19 95 65 82 73 90 62 61 2 87 80 75 29 9 3 25 0 78 38 20 92 42 68 6 0 78 27 70 93 58 89 39 25 46 53 2 66 56 33 58 34 7 46 86 76 55 81 69 61 45 66 86 9 4 22 66 46 10 95 90 48 85 59 95 70 1 49 58 56 42 42 98 50 32 68 
49 18 99 73 22 31 70 99 8 6 24 83 59 61 33 93 53 67 3 87 50 6 64 13 85 89 49 1 58 50 61 51 64 79 49 65 0 6 64 10 25 7 50 89 3 59 2 97 42 18 53 43 84 89 3 84 47 3 56 21 58 83 84 89 80 7 88 59 62 11 5 78 2 51 67 26 36 99 47 43 14 91 50 36 28 0 47 54 49 82 60 40 58 79 32 37 60 5 0 
32 46 72 28 67 97 87 35 31 71 45 55 88 79 24 63 74 75 46 14 16 86 87 36 1 49 88 57 52 48 66 22 69 14 43 73 58 13 18 93 4 84 77 34 88 67 73 67 17 5 83 57 73 90 42 85 51 76 32 43 24 13 85 86 80 19 91 8 86 62 66 98 89 67 0 4 37 61 19 7 45 62 31 96 81 93 3 59 75 59 13 10 61 61 51 39 86 84 16 
60 32 68 73 97 77 19 48 49 6 18 62 10 22 90 42 20 73 40 29 61 62 78 30 90 14 3 12 66 50 75 22 3 67 20 79 54 86 49 35 81 4 60 94 93 0 24 20 7 45 34 93 83 10 77 12 91 59 36 7 78 90 94 54 76 56 77 93 23 91 21 52 4 97 61 66 72 39 97 6 7 63 95 39 70 88 23 41 89 65 18 41 8 37 54 50 51 98 99 
63 85 99 51 55 66 77 85 47 62 22 29 38 46 86 43 22 66 76 38 11 68 27 59 2 19 74 66 68 80 49 59 21 23 28 59 12 99 54 74 5 39 27 3 46 62 43 27 55 26 86 87 16 72 69 90 45 28 27 32 59 35 26 20 70 39 0 60 31 28 59 62 95 40 76 25 29 77 0 62 37 38 9 73 78 50 88 80 60 74 74 90 27 32 72 30 23 57 80 
23 53 43 37 48 10 65 27 49 87 17 76 40 37 95 59 7 0 44 44 83 40 82 69 81 88 15 76 50 15 42 0 8 60 53 82 33 89 29 70 12 8 56 76 30 55 9 23 84 11 91 43 2 68 95 70 89 42 96 49 46 3 17 32 23 26 54 58 39 2 9 18 18 69 28 99 63 43 59 80 73 93 19 88 1 18 98 50 94 86 64 51 56 83 79 60 67 58 11 
36 60 74 40 59 74 60 76 58 47 4 14 72 62 35 29 96 57 42 91 45 95 55 61 71 28 3 56 92 38 96 26 92 40 0 75 45 58 47 75 20 71 47 25 17 87 86 99 1 53 86 29 91 66 52 72 64 28 90 91 68 18 40 60 30 57 90 5 48 56 53 71 1 45 27 77 8 95 69 30 62 65 56 64 56 97 95 25 42 78 85 44 8 87 47 42 36 93 1 
31 52 41 74 71 50 15 85 37 93 43 4 27 64 33 88 61 47 52 60 4 22 57 67 64 19 19 51 82 15 7 12 84 60 28 66 31 70 77 17 6 24 99 91 44 26 82 76 4 70 97 5 42 64 74 5 67 75 24 46 65 85 99 40 33 86 67 70 90 86 61 54 83 69 7 2 47 33 67 18 48 67 30 11 45 83 76 99 0 66 60 59 16 21 66 21 5 21 0 
92 78 53 9 25 25 68 15 78 70 60 37 62 42 4 72 67 74 51 11 80 51 21 21 18 29 24 55 55 45 60 80 90 98 51 40 22 75 97 66 41 35 87 10 1 41 31 19 0 6 60 75 29 98 37 95 67 22 89 74 69 41 44 91 71 74 41 35 33 30 63 1 57 40 19 8 99 17 97 19 42 23 87 72 74 50 48 20 34 57 36 68 28 60 25 64 63 54 70 
72 9 74 68 36 65 35 55 22 0 96 87 71 89 15 8 63 74 90 47 70 32 36 2 24 71 30 52 29 26 6 23 41 34 62 14 19 13 18 40 33 51 23 67 33 41 48 26 55 38 39 34 22 67 70 3 46 55 36 7 80 80 70 23 38 22 58 39 93 97 47 41 47 61 33 50 15 94 44 97 5 10 40 88 44 45 2 81 86 56 82 79 98 26 66 90 49 23 32 
89 91 66 45 46 2 18 36 8 70 25 73 14 3 41 67 3 4 57 82 94 21 33 87 7 74 14 38 93 72 5 61 61 53 34 11 72 46 97 64 20 25 92 17 32 63 52 68 86 21 83 69 42 22 71 55 9 54 86 26 44 62 14 71 95 11 51 67 22 9 83 78 24 65 5 39 19 9 19 36 0 68 27 94 56 9 50 8 68 60 37 10 65 19 64 18 79 21 28 
16 93 17 67 77 71 47 67 22 96 3 25 70 47 69 10 79 16 22 69 7 71 5 67 83 82 16 95 29 1 34 77 62 60 53 26 90 4 17 70 28 30 79 27 35 89 4 38 7 7 78 41 31 96 89 52 99 23 44 69 89 33 99 54 88 48 49 68 1 17 23 59 44 90 12 13 11 39 60 53 50 92 96 34 93 45 52 93 7 39 15 35 97 31 4 23 36 99 26 
5 61 80 19 56 89 7 54 78 81 58 47 30 84 56 16 99 24 43 5 96 43 38 70 72 14 86 13 9 1 48 15 52 90 86 7 75 89 70 90 47 73 32 71 81 93 46 39 33 81 23 37 75 67 89 56 94 79 52 77 78 79 88 36 94 17 15 32 59 95 53 59 60 28 74 73 90 93 30 80 72 75 19 56 97 24 91 57 82 65 51 98 16 30 77 2 38 90 35 
18 68 51 83 77 0 78 32 52 54 8 65 35 35 84 52 14 14 60 8 81 68 3 9 66 18 82 15 68 33 44 54 41 62 37 1 37 52 42 29 90 27 50 18 88 39 20 90 58 42 57 77 17 47 94 88 45 40 75 85 22 7 36 60 12 69 16 2 74 84 57 59 89 31 31 62 72 72 96 68 70 89 45 13 88 20 58 33 89 6 69 35 80 47 37 81 88 41 6 
3 72 15 86 21 90 13 31 64 42 77 43 12 32 24 37 13 22 22 38 64 60 21 56 10 35 38 84 56 81 95 98 38 59 18 94 6 65 37 58 4 46 91 58 9 73 29 54 92 91 3 70 89 52 51 92 29 94 76 48 35 71 10 68 86 16 88 4 64 77 83 96 87 1 21 85 70 0 70 2 11 88 5 95 16 43 10 13 12 17 73 54 61 89 54 20 76 13 62 
85 33 32 95 17 20 14 45 59 25 67 46 59 61 28 16 85 25 53 41 88 8 72 8 73 53 37 99 18 23 17 96 48 50 40 6 65 8 73 56 73 68 52 21 51 14 64 41 67 92 64 32 7 65 64 33 70 20 45 25 67 36 21 54 34 63 10 82 60 50 22 53 78 16 96 24 48 87 86 44 6 84 98 15 43 93 68 82 60 62 70 76 25 18 35 31 82 32 61 
1 23 42 10 50 42 1 51 89 89 39 28 45 49 43 72 46 8 51 41 61 36 67 15 45 53 29 74 64 53 41 75 26 20 13 24 84 63 79 24 14 77 59 25 51 5 39 46 74 31 44 37 62 86 91 2 50 11 46 38 72 31 70 58 33 76 94 84 58 50 26 85 97 66 94 74 54 1 29 0 33 78 98 50 59 1 18 77 53 95 84 92 64 35 11 35 78 68 58 
99 30 98 2 28 60 11 28 89 88 82 70 65 85 98 16 11 58 21 36 21 73 89 12 91 0 9 76 66 14 74 28 56 5 20 99 98 30 48 42 64 47 15 40 30 29 16 95 65 99 3 65 54 22 54 85 3 55 14 48 95 51 51 37 35 18 11 97 2 23 0 71 51 56 5 20 35 9 30 18 38 12 95 5 19 61 48 71 32 99 50 37 13 19 92 95 12 51 81 
23 62 36 25 48 92 18 59 78 52 90 29 86 65 3 24 99 34 4 36 27 87 61 32 61 5 13 79 81 24 69 6 15 24 75 58 48 9 2 2 65 17 34 62 90 75 60 39 5 13 17 11 4 87 28 57 45 19 5 34 20 78 87 31 67 37 58 67 11 69 52 65 59 81 47 3 34 97 9 87 33 97 98 7 23 84 26 56 98 59 87 23 58 74 18 51 4 77 48 
4 30 85 51 5 83 17 23 10 27 48 91 13 52 25 93 66 27 19 63 50 38 52 11 36 7 25 54 63 83 19 9 57 40 3 8 2 8 45 0 90 80 47 85 4 98 47 25 18 80 67 89 82 70 52 86 87 74 73 3 91 10 97 49 14 50 65 19 87 92 61 81 74 50 91 29 29 55 77 79 84 75 8 90 9 2 97 54 90 99 40 92 98 50 73 24 11 15 71 
39 96 41 92 3 8 80 59 80 95 95 8 65 41 39 62 11 74 97 16 37 40 47 30 65 0 43 68 95 96 95 15 81 22 61 7 24 82 46 63 62 7 34 96 28 32 97 46 15 30 93 88 94 80 61 85 32 74 69 93 76 93 23 11 13 65 42 82 66 54 89 83 46 52 52 52 53 80 32 7 63 92 41 51 73 40 30 11 67 24 59 94 49 10 82 94 6 96 13 
49 63 23 56 3 61 27 73 82 43 15 68 77 86 49 60 59 10 79 65 80 38 77 75 89 33 59 65 25 13 72 54 32 77 81 80 32 22 95 64 4 54 23 82 97 82 5 24 33 6 9 30 10 99 62 59 27 76 68 31 6 98 0 57 70 59 59 8 5 82 93 35 87 62 54 94 13 89 23 47 89 39 50 94 75 64 38 69 48 2 1 53 99 64 29 50 80 81 31 
45 51 77 53 24 43 72 83 86 56 43 43 6 74 27 29 36 54 89 78 35 0 56 83 57 71 56 6 76 2 28 88 61 72 55 26 25 63 70 66 60 67 78 26 86 37 81 80 60 31 68 45 47 2 32 60 46 75 30 32 37 52 26 94 39 38 27 44 36 96 2 22 56 28 32 96 65 42 57 86 23 3 35 64 3 35 8 41 25 66 45 38 79 69 69 89 24 61 58 
0 78 66 14 13 65 30 53 64 20 65 11 63 25 1 42 10 4 23 11 50 68 48 10 93 0 7 59 57 67 99 99 38 19 1 68 14 63 53 82 70 42 14 84 51 4 85 75 16 14 14 97 28 67 13 21 32 62 12 98 94 73 34 35 53 59 25 43 9 35 77 67 35 33 32 54 86 95 35 12 62 45 47 94 41 77 14 45 84 46 77 1 92 40 45 18 58 90 33 
48 2 56 95 96 83 12 65 71 84 51 56 9 83 20 92 71 75 58 54 35 69 41 53 49 71 47 16 55 4 11 19 93 85 78 30 28 77 43 11 34 49 70 3 35 43 13 15 90 60 3 41 6 62 57 30 76 35 43 8 52 64 60 37 88 78 30 42 92 86 97 86 79 53 84 20 86 7 15 49 33 58 59 3 88 63 83 14 84 64 87 76 38 37 96 71 95 29 96 
84 80 97 4 92 6 84 59 60 30 11 69 61 2 99 39 97 78 77 10 94 99 42 68 80 20 40 26 83 48 74 26 51 99 75 58 63 47 62 10 70 54 10 53 41 67 17 22 50 43 80 8 41 59 5 0 97 0 96 8 63 46 77 87 91 78 47 68 37 42 88 62 86 39 20 53 27 0 42 60 39 53 19 16 45 87 94 46 97 70 42 48 24 98 58 20 37 88 54 
42 11 96 40 89 20 73 6 94 12 87 40 54 98 17 35 66 96 79 23 44 43 48 41 35 42 94 21 47 63 50 80 28 56 96 71 51 53 43 8 32 32 25 53 87 17 6 67 9 47 20 81 22 0 4 62 65 29 31 54 91 23 80 68 42 27 22 93 47 28 38 97 80 74 79 51 95 71 74 43 94 66 28 84 92 61 3 17 58 12 22 85 97 37 41 46 96 23 42 
15 77 17 1 86 39 99 88 69 31 89 66 45 6 73 29 37 51 47 28 9 98 4 42 14 0 75 63 79 70 53 80 71 14 57 61 82 48 48 75 62 67 45 77 98 67 23 38 86 59 6 72 38 85 65 67 98 53 47 3 27 20 45 36 46 37 66 70 2 54 22 63 8 30 53 49 5 78 18 31 29 94 48 10 37 95 7 57 59 19 72 72 81 45 6 63 1 22 59 
88 65 9 64 29 50 12 77 63 43 47 60 60 8 86 79 40 82 67 98 76 98 38 15 12 5 39 94 72 74 46 97 98 64 52 1 38 56 21 87 18 55 34 93 85 40 55 58 56 56 95 53 97 32 91 3 80 12 88 63 95 15 56 74 32 94 57 80 3 26 74 49 19 15 47 31 7 34 40 21 26 44 69 77 2 35 17 0 87 82 69 50 4 74 33 21 52 76 66 
78 58 92 95 46 42 63 10 68 16 76 85 25 84 93 63 90 25 60 41 70 46 30 34 10 91 69 84 38 32 42 33 55 81 81 23 39 90 0 6 49 94 28 27 85 44 56 3 16 81 96 42 5 25 57 48 61 48 18 86 25 33 87 68 18 83 83 6 42 20 70 81 86 36 13 5 65 34 12 22 38 34 29 44 66 43 50 61 65 80 47 33 3 6 67 72 92 24 97 
40 77 20 60 81 63 6 38 56 97 27 26 68 77 4 81 0 64 53 74 85 15 77 75 68 7 40 95 45 2 9 59 95 60 73 6 32 31 40 45 79 94 63 57 69 85 76 30 26 0 83 52 62 39 81 45 40 18 79 79 19 46 8 5 32 53 32 49 44 32 14 44 50 3 78 26 81 66 80 2 48 76 84 89 27 69 35 11 4 6 2 26 62 44 11 28 69 98 49 
41 90 72 65 93 10 8 75 56 76 4 22 3 52 42 97 93 60 44 55 8 9 77 74 69 17 78 52 66 85 86 55 69 98 67 24 83 63 62 59 52 65 62 61 43 82 98 94 82 92 41 17 79 57 14 27 67 62 2 21 8 57 38 75 70 20 99 3 86 51 55 1 25 74 17 61 57 49 30 10 35 57 24 66 86 27 30 0 40 48 41 89 22 4 56 77 15 4 34 
6 69 68 54 71 40 73 37 46 32 89 16 2 42 13 25 4 28 40 27 94 62 54 19 21 32 62 86 92 33 78 97 29 46 66 88 50 5 96 50 88 86 27 43 90 83 57 88 89 97 7 48 81 82 37 19 15 90 0 19 41 51 74 72 28 4 12 67 69 51 93 12 88 62 46 15 25 67 81 56 64 81 21 38 84 79 86 71 21 57 37 28 40 38 35 59 99 35 58 
54 62 90 25 14 88 75 14 73 88 94 66 70 53 60 25 58 12 71 71 77 77 35 42 92 72 89 59 30 11 71 72 17 58 68 97 97 98 51 0 28 79 23 30 94 76 10 15 61 57 70 5 18 85 89 74 47 14 45 60 76 51 24 20 84 32 38 67 33 81 41 15 32 73 79 69 28 90 30 84 95 62 97 84 82 60 48 26 41 58 77 80 42 27 54 35 12 93 46 
76 29 97 41 40 18 63 5 97 19 45 90 55 94 40 19 64 84 50 18 93 43 19 66 17 36 27 61 87 96 93 24 19 7 38 43 18 1 36 93 9 88 79 54 85 96 59 69 97 21 96 40 51 64 94 7 44 97 91 73 23 53 52 91 6 37 45 23 46 9 33 85 29 39 99 8 65 80 90 83 54 90 56 63 9 92 54 85 13 31 92 62 4 65 17 24 16 4 12 
21 23 94 18 22 52 20 29 37 55 38 18 12 73 4 72 93 66 35 40 92 32 48 24 32 53 58 96 30 72 88 53 13 97 49 11 47 83 55 85 33 52 83 11 56 81 90 95 36 50 22 96 67 33 81 41 63 99 7 63 46 84 60 19 71 29 57 23 81 23 95 7 68 47 61 48 28 41 54 61 34 14 12 42 79 8 46 78 15 48 9 80 19 94 49 2 7 38 6 
39 55 90 49 39 98 57 27 26 84 74 46 22 21 98 14 53 59 56 26 95 81 87 63 12 38 52 40 86 61 32 40 18 83 1 93 90 15 1 14 56 83 21 84 18 7 60 70 10 55 27 22 20 11 54 85 94 91 80 6 24 81 12 12 98 65 36 35 11 52 71 52 87 14 96 36 25 46 79 46 72 76 71 63 17 82 73 59 91 52 83 62 22 35 46 25 92 10 95 
90 58 23 12 64 79 96 68 64 76 69 60 21 16 50 62 58 87 42 32 86 75 76 85 35 46 67 5 83 55 13 58 95 51 17 59 26 12 21 13 98 62 47 77 12 30 80 10 62 52 36 12 25 73 9 14 88 39 42 73 27 57 15 93 31 30 83 57 22 69 91 87 67 67 94 58 77 2 7 44 89 86 66 57 4 94 39 78 50 49 30 2 84 51 64 91 79 15 59 
57 17 67 95 41 23 59 69 9 2 51 86 40 45 56 97 49 19 34 95 8 17 36 28 85 90 48 63 22 2 91 58 56 18 33 64 89 78 46 92 37 87 97 2 66 88 26 70 26 7 92 69 78 16 28 68 10 81 61 13 96 58 77 77 12 46 92 88 86 7 64 43 3 42 78 59 30 62 13 27 4 79 77 20 70 4 5 31 91 22 94 49 27 68 89 26 64 3 64 
15 83 44 86 37 33 93 52 52 40 5 3 46 38 87 28 37 10 62 36 71 87 80 30 15 77 88 55 39 13 19 40 18 13 35 75 72 3 99 68 65 8 95 90 73 36 72 15 11 24 31 44 5 35 3 90 33 47 26 35 82 58 6 98 36 9 12 82 59 23 77 85 59 82 29 96 74 23 25 4 67 49 6 21 34 81 92 90 12 81 14 57 57 0 62 91 2 73 5 
21 26 72 41 84 25 9 15 83 91 50 10 15 56 58 46 75 88 77 10 2 63 79 71 38 54 53 49 6 68 54 72 63 49 7 93 33 32 91 1 34 10 98 11 33 67 1 58 30 45 2 61 21 83 1 34 20 95 20 86 65 29 28 30 13 60 74 29 23 44 54 6 94 18 38 37 62 35 15 55 42 95 32 93 47 99 15 67 77 31 66 89 1 9 15 51 17 31 13 
47 79 72 63 32 61 98 75 39 34 77 84 21 36 84 72 7 6 48 41 37 40 13 66 27 49 26 15 47 97 82 47 37 73 1 71 5 92 8 11 61 72 72 75 99 3 19 21 70 92 57 43 86 1 99 9 11 38 61 32 86 96 29 68 46 28 6 92 65 76 35 33 40 85 69 30 11 62 75 23 62 5 48 0 48 84 60 6 5 52 40 53 35 34 88 61 31 21 87 
55 94 88 83 66 23 32 95 76 19 95 42 83 84 51 1 2 68 86 8 69 81 50 51 80 43 3 24 73 54 60 98 4 66 88 3 12 10 31 75 88 36 30 6 32 47 91 65 7 30 41 26 91 80 1 49 63 50 27 15 20 9 32 80 14 63 0 1 47 53 51 69 44 37 61 21 99 75 56 80 68 69 3 20 39 73 25 95 28 67 18 50 43 75 74 68 47 95 16 
68 54 73 75 12 46 92 13 18 83 40 48 33 85 59 63 33 17 33 57 4 13 72 29 1 41 57 42 15 94 82 5 16 21 53 5 24 11 71 39 13 84 59 80 72 74 58 9 1 14 50 10 69 3 83 75 17 15 74 23 68 86 78 74 25 69 73 6 79 71 67 10 41 83 19 32 38 7 7 41 0 54 58 60 65 14 69 87 4 36 62 98 13 9 45 94 87 85 94 
69 70 78 88 54 40 36 68 91 63 20 33 32 2 52 8 78 25 26 2 95 79 65 81 34 34 21 64 95 78 5 70 7 15 48 62 19 13 97 50 38 38 89 86 24 51 36 9 1 81 31 61 79 95 8 88 33 88 39 99 88 6 2 16 52 94 85 24 41 44 92 70 41 56 78 92 87 67 86 91 88 96 5 7 5 94 28 58 12 26 15 17 90 63 47 53 68 70 97 
63 41 41 37 23 95 4 14 48 60 70 11 16 1 42 12 56 38 49 67 79 38 13 89 28 15 33 41 99 86 52 55 87 65 72 19 69 89 83 67 82 43 4 19 52 42 88 35 48 87 13 97 3 41 65 81 86 57 0 95 60 15 83 37 4 27 89 26 53 54 56 55 21 44 21 9 17 59 82 72 51 59 12 90 43 42 81 55 56 6 44 38 43 34 92 54 38 62 52 
39 58 87 40 36 83 7 49 13 89 13 11 25 32 66 56 79 54 5 93 31 86 48 45 93 73 0 82 77 96 54 21 13 32 60 82 84 78 44 45 11 91 96 55 95 33 44 76 72 45 81 55 57 47 98 0 96 4 77 66 95 15 79 60 85 92 13 7 20 47 20 71 96 52 76 91 75 0 1 39 51 74 71 40 92 37 64 3 48 7 4 32 60 19 53 61 6 28 65 
54 44 81 66 88 56 10 44 27 95 61 94 51 62 99 94 58 38 94 3 67 44 62 26 39 24 55 5 24 60 62 25 76 40 46 62 16 46 79 21 22 68 42 85 14 1 19 35 5 85 71 49 72 64 30 99 15 19 41 57 10 64 46 64 61 56 52 96 24 70 59 94 61 38 89 24 34 31 51 58 88 67 83 88 55 49 26 82 17 61 31 79 53 73 6 83 48 88 36 
80 26 5 44 40 19 29 51 10 82 8 49 30 40 62 0 3 74 43 26 32 56 58 62 50 34 8 48 2 53 11 30 6 19 50 8 31 37 88 20 75 54 33 95 77 48 63 68 66 14 4 71 45 82 94 2 86 25 64 39 76 69 3 86 11 68 85 66 87 82 93 20 51 45 5 81 40 77 2 88 53 20 99 95 56 20 21 74 92 51 89 52 71 12 98 7 18 27 31 
6 3 71 47 14 63 5 5 69 26 18 75 4 0 58 9 76 78 92 6 20 58 46 60 2 64 61 22 14 87 26 79 17 76 80 85 4 49 57 88 61 41 16 34 3 92 26 24 42 43 18 55 82 98 51 16 77 42 1 73 27 18 23 30 26 9 4 73 56 59 25 50 60 26 23 30 42 75 78 87 39 46 53 42 13 83 3 42 69 75 39 44 90 35 44 83 29 11 79 
65 54 24 45 48 3 84 90 61 14 75 44 87 89 88 74 8 17 36 56 9 2 3 72 55 90 18 71 99 39 22 38 6 44 68 97 57 60 4 81 38 0 23 82 99 31 12 32 13 21 28 48 65 57 36 55 2 45 52 10 16 67 81 64 84 0 31 77 18 33 18 21 44 11 83 54 72 58 96 12 9 6 28 53 95 97 48 97 85 21 39 39 81 81 41 62 47 31 29 
17 74 14 53 30 12 22 15 51 17 36 93 57 32 36 37 33 2 75 40 53 44 6 89 64 32 1 98 48 99 61 42 73 14 49 42 15 7 84 47 76 43 91 18 0 42 59 72 50 87 61 91 76 35 2 33 48 49 52 80 17 20 94 75 53 32 88 9 68 55 78 72 95 32 91 37 12 95 27 71 14 89 49 90 29 42 80 95 7 68 17 62 42 14 57 95 41 59 50 
53 87 49 12 33 83 23 66 55 54 7 91 20 71 60 71 93 69 96 23 7 96 90 8 60 78 76 40 2 93 4 92 83 5 97 49 29 84 93 86 0 50 1 4 26 19 85 93 11 60 87 48 74 37 22 65 88 10 56 37 32 61 65 52 83 84 27 23 86 33 24 50 19 7 11 58 81 85 47 37 89 72 13 34 18 41 57 85 64 57 68 53 61 41 10 32 80 12 11 
48 64 28 36 42 97 17 43 17 58 64 11 66 54 92 79 95 53 80 82 83 92 16 2 15 26 50 18 63 55 44 84 57 49 68 48 19 13 97 7 96 15 82 0 44 96 10 41 65 18 6 34 23 2 62 92 85 93 74 93 50 87 61 80 85 86 85 8 84 8 51 61 41 66 6 79 20 37 51 99 69 77 58 72 82 92 92 31 33 60 14 36 16 6 27 14 42 32 11 
49 53 78 54 66 30 14 80 99 29 17 6 69 11 18 22 12 99 50 69 87 16 98 71 46 57 26 52 29 10 2 18 14 79 2 70 10 99 99 28 36 75 25 95 71 35 90 33 63 38 65 66 16 17 59 47 27 13 19 59 6 94 0 46 7 33 34 60 85 38 21 13 43 79 9 91 41 24 27 23 32 87 33 6 42 78 7 91 20 89 10 62 18 54 26 71 69 7 19 
88 39 86 64 17 43 44 1 54 7 64 47 64 40 99 30 54 61 9 98 56 85 40 19 89 47 18 72 89 19 93 0 77 31 82 88 27 44 2 36 95 96 77 21 4 86 25 39 6 25 83 13 84 24 22 38 65 6 97 55 8 22 60 19 52 71 47 2 39 39 85 59 55 94 99 45 64 42 65 69 17 57 56 26 77 7 87 26 2 35 72 29 40 89 59 25 64 82 12 
73 89 80 50 46 41 87 20 63 46 81 28 36 55 23 24 15 89 58 56 60 95 66 31 24 13 29 86 33 62 71 91 28 69 33 48 8 42 21 42 39 83 98 13 51 69 57 62 79 38 72 32 75 8 46 46 91 83 45 21 72 81 40 6 58 95 64 51 42 5 30 82 9 43 14 92 95 83 37 35 90 62 89 48 45 42 69 60 50 54 93 25 98 86 55 90 80 51 5 
59 43 79 31 80 2 54 48 93 19 20 1 7 32 35 38 90 7 77 98 11 53 11 14 45 30 45 45 51 35 29 35 69 8 32 48 48 85 60 64 37 41 85 42 10 2 67 2 20 36 48 28 85 4 4 35 14 25 73 10 13 32 62 66 80 65 79 85 89 74 86 3 87 30 97 12 20 51 84 82 69 50 0 17 63 32 98 4 74 63 46 78 15 5 28 35 8 37 76 
54 29 77 34 48 79 61 69 71 88 90 21 9 26 78 68 59 16 87 78 94 7 11 65 49 3 64 80 37 30 38 44 27 2 42 37 36 86 36 72 99 23 49 66 35 1 91 1 35 2 27 54 13 4 6 86 31 99 20 66 85 45 85 95 7 25 37 48 30 3 64 27 44 45 23 2 25 28 10 94 97 55 31 39 67 10 84 4 4 39 61 34 90 65 17 76 76 81 7 
37 19 14 88 61 85 30 84 99 38 63 83 24 37 0 51 74 27 28 92 15 39 85 15 97 88 62 72 51 88 8 39 70 50 95 13 95 76 65 97 24 99 40 14 42 35 21 96 9 6 6 31 68 42 91 3 1 36 17 3 77 25 12 49 37 43 79 43 4 23 67 28 69 63 41 82 21 31 49 52 58 50 20 61 95 87 58 83 23 77 1 69 50 17 70 9 40 59 9 
78 97 76 48 67 26 14 77 19 57 9 54 89 87 7 34 85 95 48 42 81 20 56 14 27 37 93 45 71 1 29 77 89 70 53 96 37 15 77 73 99 65 17 14 29 42 47 65 20 69 59 91 72 54 96 73 21 51 97 79 23 38 85 72 77 89 87 3 78 68 43 23 48 61 14 74 42 97 45 36 13 48 13 84 28 67 61 85 34 19 13 70 74 77 68 72 33 45 54 
8 58 96 57 37 91 6 26 97 79 46 86 68 26 37 14 27 89 41 8 34 51 86 81 51 94 8 81 59 58 72 14 40 61 41 30 67 87 92 27 1 17 80 44 4 37 63 38 10 44 46 92 0 56 19 5 82 41 34 65 69 4 59 7 71 60 47 66 23 1 10 26 76 78 26 47 96 26 55 69 97 71 28 26 80 20 51 69 27 98 78 67 96 70 61 29 29 97 48 
62 27 93 84 23 99 39 58 77 8 86 48 43 78 8 41 9 61 0 69 80 33 85 82 44 14 9 58 36 53 74 13 97 38 70 55 38 34 65 43 1 76 53 43 47 83 66 8 82 83 96 86 60 21 94 77 55 91 9 67 28 77 82 26 80 73 9 19 43 12 35 12 64 57 55 40 51 86 37 80 67 59 55 22 47 67 98 94 24 53 13 0 92 95 97 39 78 62 49 
75 58 19 45 43 0 58 47 6 85 48 29 87 79 72 94 8 71 83 19 27 64 66 78 60 6 3 67 56 32 31 44 80 87 37 99 23 45 24 74 89 35 60 6 12 27 46 65 44 42 1 31 67 50 1 20 8 16 95 61 33 77 75 96 89 90 15 89 8 70 41 83 58 7 33 69 74 42 41 75 51 13 8 81 74 74 26 98 59 3 97 57 71 93 63 45 87 31 36 
44 58 55 11 43 89 6 58 49 39 13 62 41 9 60 33 73 44 89 78 77 86 55 27 53 20 5 34 45 29 9 14 75 53 21 98 58 77 61 56 33 74 42 0 51 85 91 76 35 21 19 4 93 69 44 63 12 77 60 12 22 28 73 83 49 49 27 8 36 38 38 19 91 35 40 83 24 68 6 97 48 61 39 0 85 46 94 41 66 87 22 25 96 76 20 64 4 2 73 
39 44 53 2 38 26 98 28 67 57 77 45 47 2 24 5 54 34 12 57 3 27 44 84 50 88 11 20 49 35 4 36 34 86 38 44 51 79 38 49 77 77 28 48 55 19 94 97 43 72 57 97 99 43 5 81 30 58 72 34 22 19 15 3 65 4 64 22 36 60 77 20 88 98 83 86 17 58 3 28 26 42 73 46 98 67 47 98 1 6 69 98 74 34 59 23 65 92 88 
67 62 43 94 16 20 49 39 53 17 15 35 50 7 33 37 11 60 54 60 10 83 99 90 56 62 46 32 79 45 67 53 54 21 58 1 13 58 33 35 51 83 86 10 38 83 8 61 78 53 55 34 74 13 58 92 16 34 41 14 76 57 20 52 85 60 87 86 48 33 12 0 62 6 59 60 64 57 25 28 1 40 12 47 13 18 70 11 38 70 85 33 73 46 28 32 22 5 77 
65 4 5 91 9 72 35 50 17 4 1 73 34 30 58 44 97 71 7 60 14 58 82 69 53 66 42 71 82 19 70 52 94 33 23 49 68 42 10 64 74 91 15 31 25 3 19 20 11 93 62 92 66 43 25 37 3 0 40 84 74 70 88 33 18 12 1 96 89 56 47 8 13 73 8 21 82 61 55 30 8 18 17 74 50 75 36 58 21 10 33 72 63 68 98 10 51 5 85 
61 37 98 25 46 15 49 63 40 11 96 26 76 34 79 47 97 91 20 7 6 64 32 62 15 97 33 58 49 46 86 67 3 59 76 77 58 65 51 64 88 24 76 27 92 68 39 21 26 76 87 49 11 57 35 40 24 45 49 30 49 71 14 85 76 84 93 71 36 65 96 24 24 20 89 71 36 49 18 73 28 50 97 8 56 70 23 83 52 35 12 23 66 46 54 97 89 40 23 
51 40 80 35 26 20 72 67 94 31 11 65 61 0 92 12 82 89 92 62 57 99 90 45 73 12 96 16 26 37 70 45 21 23 35 80 90 42 48 93 60 94 97 71 9 26 63 25 72 90 64 95 96 68 42 42 19 3 23 40 9 21 51 26 84 48 4 28 88 20 46 69 20 91 43 73 87 93 6 92 82 55 68 95 39 72 56 81 23 92 84 28 53 89 42 4 81 42 1 
2 13 55 77 66 95 72 60 94 77 43 94 97 79 32 42 80 18 87 96 8 83 93 48 3 26 72 31 85 28 60 8 91 44 26 23 11 85 23 62 34 10 69 42 43 85 58 12 74 78 52 25 37 88 96 41 38 52 83 28 30 5 35 59 74 25 98 76 85 66 70 56 2 15 50 67 76 2 80 40 99 98 88 60 41 25 76 32 27 51 14 30 51 88 24 52 80 36 75 
65 0 22 76 18 73 14 92 1 6 31 98 68 98 50 31 72 49 20 77 26 30 76 97 16 16 44 67 37 20 94 17 6 65 84 93 92 68 1 91 23 31 23 60 26 64 42 48 26 47 31 59 5 81 46 11 91 97 70 13 8 26 2 19 98 6 53 81 66 38 96 65 77 25 76 74 1 55 11 84 5 60 75 63 11 67 26 8 62 14 82 21 83 55 73 61 73 80 85 
13 76 75 41 0 8 38 12 60 4 83 52 14 58 84 12 83 63 33 58 30 70 71 43 87 41 98 41 5 76 58 68 32 42 40 42 72 0 28 88 91 61 62 33 47 12 34 13 61 68 57 88 43 98 39 23 31 41 3 32 13 19 34 89 73 12 88 10 35 64 92 68 58 39 47 19 71 40 16 76 96 72 87 80 63 0 32 64 17 5 55 33 21 13 63 74 34 55 96 
90 59 37 14 43 76 57 75 8 6 34 89 83 68 89 2 44 68 72 80 39 94 16 70 25 43 63 64 45 38 69 19 12 72 82 42 31 71 29 52 91 99 5 68 7 65 93 74 54 68 31 93 84 36 58 42 51 1 92 23 42 10 23 41 94 88 48 20 30 55 90 46 17 31 29 75 56 99 15 28 49 75 21 73 86 41 39 17 7 59 97 90 51 4 9 79 11 69 74 
71 85 22 4 60 40 1 63 0 13 15 14 11 10 6 21 73 83 72 78 3 77 35 9 82 10 30 95 57 8 95 13 41 76 97 11 18 63 42 19 40 71 75 16 71 99 45 87 89 85 25 33 67 17 51 57 88 21 34 38 85 4 71 0 0 50 57 87 49 6 98 48 91 70 57 48 73 86 64 48 13 37 32 7 17 56 15 64 66 69 34 24 41 63 77 24 6 88 77 
24 8 5 85 86 93 6 68 6 37 82 98 76 73 46 9 24 10 30 5 7 13 93 97 94 65 25 9 12 57 18 85 2 99 41 26 19 30 59 20 30 17 48 20 78 61 26 13 32 73 41 15 29 1 12 91 93 72 87 66 21 26 96 29 25 63 77 2 40 78 96 21 44 99 87 90 39 17 87 27 71 19 3 73 75 53 61 17 87 94 56 33 15 90 6 29 65 75 22 
0 87 37 30 40 52 83 39 31 50 4 30 3 61 87 55 4 9 39 93 1 74 60 56 50 73 59 11 33 70 84 94 93 36 14 17 67 18 40 68 88 52 76 87 52 54 37 57 68 2 86 12 97 52 81 43 24 75 74 76 30 72 65 71 1 94 23 1 68 86 2 59 76 76 87 9 73 31 6 22 9 42 89 42 76 35 66 34 4 78 15 53 63 47 99 84 15 74 51 
46 70 32 78 83 92 83 6 14 35 34 77 56 6 70 30 30 86 69 30 40 13 6 49 18 76 7 61 98 4 8 81 71 93 80 55 52 76 92 66 28 51 4 95 54 52 34 75 17 3 60 97 14 8 26 54 87 33 20 59 36 52 42 86 65 25 10 22 26 84 96 61 68 98 5 23 1 23 25 49 11 83 42 48 50 13 63 89 31 86 15 66 46 94 27 78 24 71 70 
70 58 11 34 44 1 91 5 17 59 38 80 92 24 26 97 98 58 52 28 73 15 67 66 45 0 59 33 37 40 21 8 35 47 74 87 55 73 38 93 6 43 46 14 80 95 81 88 79 81 68 93 75 35 65 22 88 51 15 4 75 76 17 4 54 77 52 27 14 10 63 91 94 49 62 20 33 2 19 86 60 80 2 36 12 91 34 4 80 6 49 13 92 53 61 38 10 65 22 
61 36 53 54 20 39 45 79 97 43 99 88 49 97 77 49 62 42 38 0 94 41 69 62 28 80 55 11 59 3 90 16 13 11 62 63 9 7 64 29 98 78 75 88 96 45 14 58 18 82 93 82 53 73 44 54 76 99 6 63 65 6 96 18 48 70 48 71 40 6 81 12 58 14 21 47 51 48 3 37 74 72 64 4 30 55 12 64 57 1 66 27 53 83 51 75 34 32 77 
17 47 47 25 31 86 90 51 33 21 22 58 89 42 92 67 51 39 40 60 49 24 41 86 92 95 5 4 15 10 87 7 0 16 22 62 14 89 0 67 91 88 32 29 47 23 58 93 85 38 42 44 85 1 81 3 95 96 88 34 72 85 13 35 62 16 80 18 47 16 82 2 63 39 62 83 3 76 42 56 32 21 29 53 35 47 15 81 91 6 60 53 48 74 51 89 31 88 64 
61 80 27 33 56 31 66 23 9 76 42 35 18 2 14 47 46 96 59 12 84 16 59 55 50 64 50 69 76 89 19 66 77 42 81 90 93 90 49 51 85 28 5 39 76 53 83 27 3 80 92 64 71 90 61 90 84 35 12 71 25 61 76 91 24 4 6 87 36 88 4 58 37 12 28 24 62 80 90 90 40 46 31 55 95 5 62 67 71 70 9 53 33 84 69 70 97 35 39 
5 34 18 79 9 29 87 91 56 91 27 77 98 94 35 47 37 36 57 8 57 31 69 4 47 49 29 72 48 52 79 32 28 67 54 2 0 91 95 67 65 52 71 30 71 20 6 41 26 42 15 9 13 13 75 86 73 96 8 27 80 78 35 44 83 31 54 73 78 81 12 28 76 81 90 40 15 6 57 56 6 53 38 19 66 84 97 2 14 32 5 13 23 62 12 3 60 97 97 
72 95 78 12 81 49 70 58 63 53 5 17 5 93 72 17 64 32 96 11 21 16 79 12 42 8 80 82 79 2 62 86 59 16 15 1 31 28 15 34 66 30 28 29 12 82 80 78 67 80 30 88 46 49 35 54 1 63 73 52 5 64 82 4 30 56 42 79 29 41 51 86 99 48 3 15 0 79 53 97 99 97 49 81 10 47 4 25 64 41 83 51 0 32 69 60 66 63 25 
99 44 56 83 30 49 27 14 72 53 22 47 40 90 52 33 41 21 52 68 51 62 17 44 71 69 56 91 55 1 50 87 13 75 9 47 34 88 14 78 95 88 45 17 56 47 80 86 22 46 57 45 19 23 48 68 71 95 82 87 86 20 56 65 77 75 19 99 23 80 61 74 50 85 70 93 46 45 2 9 14 94 78 76 25 15 25 97 60 27 96 34 51 83 10 18 34 27 84 
18 39 61 65 94 10 23 10 21 37 82 64 1 1 76 87 37 57 2 12 53 58 64 95 68 32 27 23 70 45 76 98 14 84 55 97 59 30 42 29 90 29 45 73 26 69 36 84 72 87 32 74 23 4 52 83 57 96 34 40 25 14 69 75 9 77 14 45 7 24 0 15 55 50 90 35 60 51 79 53 92 84 41 22 44 3 99 56 45 20 1 68 80 8 43 77 71 30 58 
22 25 85 98 32 58 88 33 50 52 22 1 89 82 55 73 76 30 47 42 89 43 10 5 55 58 60 74 41 66 64 27 19 30 72 22 63 85 19 74 14 17 96 97 38 90 3 40 73 7 35 36 76 20 83 20 46 43 89 77 47 72 1 41 53 36 22 36 90 65 24 53 24 36 70 16 55 24 62 66 53 67 28 30 72 68 88 0 60 87 29 16 83 51 63 16 67 58 39 
91 60 86 42 54 75 43 0 21 47 60 92 91 31 36 34 8 76 6 88 87 21 51 81 64 89 41 8 84 26 60 54 96 92 63 69 93 36 76 53 73 63 21 51 19 19 8 88 97 86 52 87 47 66 94 40 61 41 10 66 33 53 98 56 47 32 1 97 50 6 58 34 67 28 52 0 2 58 2 11 22 28 92 25 42 15 77 32 2 46 16 84 43 32 1 13 70 70 8 
38 33 34 78 10 60 68 45 8 81 55 3 18 50 19 19 6 18 2 18 66 95 10 33 26 91 88 32 44 24 83 20 40 42 47 34 94 88 92 48 94 6 50 41 2 45 35 61 43 66 42 27 17 58 27 46 49 43 76 59 90 67 27 81 48 13 73 0 78 26 52 64 30 26 68 74 7 65 85 29 98 29 36 67 71 92 23 47 55 88 72 7 35 23 50 42 92 98 29 
12 38 50 16 3 80 1 52 34 33 55 86 21 77 13 26 11 69 80 8 52 94 46 97 47 26 85 76 77 34 6 50 28 13 25 11 67 40 80 35 51 51 42 29 67 79 41 28 33 66 75 79 80 85 58 51 31 96 45 29 32 41 47 85 18 31 99 91 20 18 97 56 71 22 39 9 8 48 80 24 71 4 64 1 44 76 18 93 68 77 10 49 7 45 58 89 57 54 23 
75 72 71 46 39 89 25 69 98 95 16 32 29 89 92 4 52 0 91 76 63 92 72 76 47 20 67 79 70 10 60 93 42 89 30 77 85 6 17 78 15 90 23 28 8 65 81 50 41 68 62 34 13 61 74 53 1 9 89 95 93 32 38 2 17 33 66 95 29 28 82 54 66 71 58 20 91 73 32 8 51 4 81 22 24 67 35 58 77 79 69 0 37 27 51 2 53 26 73 
61 40 37 0 78 57 43 36 20 62 80 17 62 80 95 9 50 76 8 74 73 5 62 45 23 55 55 36 0 60 32 27 21 1 92 82 9 86 70 92 8 59 59 75 97 51 14 93 64 11 34 4 50 83 42 15 61 90 92 65 13 19 29 42 53 89 46 20 68 63 31 20 16 97 44 7 80 99 33 37 98 16 96 41 0 24 95 42 76 86 15 25 40 2 39 43 48 67 14 
80 19 93 28 16 92 49 69 61 36 74 4 1 54 12 35 20 12 44 8 47 78 80 7 81 50 85 51 59 77 39 0 32 9 12 3 62 36 13 2 16 53 70 2 73 30 85 49 62 21 27 14 48 33 3 1 69 90 48 1 25 22 62 16 73 90 16 1 51 72 65 73 5 62 48 28 97 40 31 72 34 48 45 41 91 35 88 67 20 65 27 37 89 94 67 63 70 63 97 
6 56 84 52 8 32 96 89 22 58 31 29 76 66 37 50 80 10 86 78 59 11 74 61 66 43 40 46 12 64 44 22 17 56 88 98 18 80 38 19 4 23 67 75 11 11 66 17 37 99 96 93 85 58 74 28 9 71 62 48 87 35 44 77 99 75 32 71 88 22 32 31 58 7 51 53 15 60 66 20 26 85 96 50 99 24 53 26 46 86 11 81 56 82 48 45 16 5 12 
