82
56 14 15 87 10 18 4 50 37 91 26 74 70 41 33 1 53 22 55 64 66 30 27 76 72 53 52 79 45 3 95 20 23 8 85 68 21 19 20 78 10 73 35 54 66 45 58 61 50 18 9 41 39 65 42 13 20 79 1 5 61 83 71 96 92 95 83 13 50 17 66 36 35 10 63 46 35 58 59 93 64 73 
29 32 37 62 40 50 34 47 40 13 51 22 16 53 79 47 95 34 37 31 70 12 62 69 53 59 78 83 1 52 18 96 61 48 27 93 7 87 64 11 14 95 78 84 50 59 60 73 88 87 47 36 75 31 16 6 33 36 58 50 91 59 68 2 5 17 78 6 93 12 44 47 41 9 83 41 73 54 20 89 59 31 
12 10 55 20 58 26 79 70 65 54 68 64 9 92 67 33 41 53 94 45 96 35 0 5 97 20 52 71 5 86 95 90 55 39 72 66 2 37 28 61 51 94 83 16 27 69 57 58 65 14 88 94 21 0 15 7 76 95 64 80 48 88 48 58 13 57 95 35 70 33 55 13 49 64 21 96 5 5 54 73 94 17 
49 92 68 90 95 44 85 72 81 27 6 35 98 81 49 86 60 3 92 72 40 69 58 90 94 27 87 41 15 69 35 94 50 62 32 96 31 76 64 8 95 15 5 60 29 20 12 23 34 80 58 74 3 26 51 81 57 65 37 80 62 63 72 16 3 60 0 2 19 19 16 63 29 72 11 15 78 50 25 12 78 87 
15 74 33 39 68 65 84 70 43 83 17 51 98 53 92 78 18 92 95 84 58 13 21 66 6 55 8 32 37 17 64 17 98 36 13 73 56 82 93 94 97 81 60 96 21 31 32 88 92 35 88 92 85 14 57 97 28 36 48 14 95 98 28 97 25 41 24 76 71 88 21 62 95 62 13 15 72 99 37 26 72 99 
33 3 38 94 49 94 83 55 61 79 28 14 98 7 14 0 72 39 71 91 27 68 13 19 42 68 67 61 49 41 25 71 62 96 37 57 15 40 69 43 30 96 55 87 49 27 27 73 35 19 49 7 33 54 79 11 98 14 71 2 76 52 86 83 44 92 69 31 69 43 0 72 26 37 5 44 22 45 23 65 68 56 
79 99 21 63 33 3 82 94 24 28 4 18 45 15 54 78 6 11 16 43 70 63 26 33 61 28 85 54 90 92 96 21 5 37 0 31 15 58 72 80 65 67 7 5 53 69 56 31 9 47 68 72 10 39 80 9 8 76 50 44 96 60 66 19 74 39 70 82 26 57 94 31 11 21 39 85 94 70 42 39 9 37 
25 30 68 93 31 45 22 65 41 53 56 60 62 90 75 23 39 33 12 70 75 88 45 29 61 56 96 32 53 34 47 51 35 78 3 60 60 24 94 29 97 40 80 57 64 1 75 15 10 42 38 28 24 67 64 83 64 67 15 10 52 47 23 15 5 46 37 80 13 11 0 57 7 33 75 1 9 73 47 48 52 23 
24 56 60 31 59 54 27 63 26 9 15 99 52 2 60 56 37 38 92 49 30 37 55 52 33 96 55 34 2 66 65 43 71 85 19 73 83 80 97 59 11 32 98 5 43 88 84 59 39 78 64 12 25 41 53 33 86 84 65 83 77 77 49 42 97 28 93 36 44 99 91 15 69 27 10 6 23 21 60 83 7 2 
54 5 87 73 96 61 22 27 16 57 56 65 83 88 67 11 3 18 25 52 49 31 24 47 46 82 41 17 70 64 40 52 49 83 20 32 77 27 81 65 82 68 46 90 21 2 94 89 16 76 90 39 50 75 92 32 59 80 60 39 56 11 8 4 33 60 7 0 20 2 27 65 22 59 15 4 13 66 56 59 80 37 
68 76 52 15 18 64 19 21 40 33 3 18 90 65 82 37 97 51 69 96 64 3 96 47 4 94 27 2 11 16 15 67 63 15 73 48 96 97 60 77 99 78 59 71 78 23 97 74 57 23 84 13 16 92 25 11 57 18 93 96 17 33 66 31 42 72 18 53 79 11 34 36 11 41 91 77 4 7 49 82 4 14 
36 11 80 20 63 13 89 38 14 14 92 17 60 93 69 67 27 46 71 29 23 65 52 24 41 0 76 88 94 6 85 1 82 95 86 1 1 42 12 4 77 96 50 64 82 60 97 52 31 43 36 75 93 84 63 81 79 84 22 51 64 73 41 72 38 78 7 97 60 85 3 50 3 68 57 47 98 81 62 66 23 80 
22 90 71 79 19 89 42 13 59 55 36 44 88 31 88 3 99 76 42 80 22 17 91 47 20 13 2 11 79 99 44 5 26 69 89 60 65 52 21 52 17 12 65 15 93 26 51 2 6 56 34 52 68 69 95 6 94 91 61 7 97 85 75 59 42 89 0 87 56 2 2 52 37 7 31 86 4 89 61 67 97 44 
20 57 14 2 77 80 89 32 76 21 63 37 43 24 83 37 79 78 65 67 23 68 75 27 87 24 58 4 68 94 46 89 84 86 3 16 46 96 16 48 45 40 38 28 3 94 58 29 98 23 4 51 13 42 19 5 44 86 99 87 72 55 22 45 27 31 28 31 82 25 94 84 54 66 53 52 10 80 97 42 49 94 
88 90 84 50 82 92 50 55 62 41 79 71 18 52 84 62 20 2 77 16 73 87 43 76 1 46 77 86 41 19 93 17 38 99 59 62 94 64 85 68 83 84 79 37 8 5 48 17 32 99 74 14 16 73 26 61 53 62 71 52 11 56 73 70 73 60 11 79 76 58 38 9 15 82 62 36 38 72 85 5 80 64 
27 92 91 67 85 59 42 44 50 95 77 98 93 53 69 91 57 70 5 29 24 1 26 20 81 58 66 74 73 73 11 43 54 64 10 5 35 30 16 71 36 1 61 69 10 0 96 66 99 30 15 50 71 17 95 35 83 51 42 74 72 74 97 54 47 96 57 62 5 32 61 53 18 0 33 72 99 84 75 59 61 55 
3 72 36 77 43 61 19 29 48 84 12 68 55 10 52 3 4 34 25 23 68 81 60 79 7 3 72 28 96 39 61 33 98 39 70 68 29 55 12 37 58 65 79 99 36 99 83 73 23 54 65 36 71 82 82 10 70 6 77 62 63 98 81 40 94 52 89 63 94 45 39 80 75 61 12 86 37 1 66 71 66 45 
93 10 70 49 75 37 85 38 3 35 12 8 82 16 57 86 81 90 57 75 40 85 30 70 83 21 90 72 74 11 81 83 35 46 31 55 29 81 86 3 1 71 33 45 68 46 25 74 75 64 87 4 43 24 61 50 61 70 18 64 22 75 80 29 57 32 11 86 62 76 12 68 27 73 77 9 30 56 56 31 30 30 
87 98 31 73 7 1 93 63 38 65 25 33 31 70 90 83 32 31 23 56 94 5 46 86 78 79 98 80 49 37 62 92 2 99 69 28 71 6 79 56 93 63 98 67 18 91 27 8 6 34 55 8 22 95 49 93 92 65 30 41 11 21 72 73 80 21 65 46 55 21 8 51 8 89 30 52 85 91 22 79 16 83 
64 16 95 53 0 83 48 29 43 83 32 62 11 6 24 2 3 61 70 47 34 82 82 45 1 29 52 50 61 27 7 90 60 92 49 47 23 44 45 29 0 47 59 73 63 99 82 44 54 23 60 83 35 1 24 29 14 88 64 21 15 65 26 86 0 36 28 14 39 24 41 51 71 75 55 9 96 99 87 53 52 95 
53 70 79 54 97 34 27 59 59 72 45 12 74 69 11 81 24 17 35 82 5 88 6 69 6 67 43 63 83 66 63 89 69 23 88 75 62 64 90 40 70 81 74 54 2 14 55 17 72 61 67 43 91 1 46 28 99 94 95 75 41 35 16 61 72 78 24 84 58 31 4 97 97 94 42 97 23 32 22 66 42 97 
36 90 63 72 71 80 18 98 28 38 77 32 10 31 69 64 58 79 94 91 13 89 61 15 73 21 68 4 77 11 17 37 5 40 80 42 1 5 47 68 90 57 61 40 99 32 42 12 3 26 33 24 76 84 84 83 84 71 10 43 76 48 37 90 62 65 55 86 43 91 42 39 18 23 98 37 5 59 99 47 46 97 
24 78 70 39 96 58 70 43 33 43 87 77 98 92 63 65 7 94 66 94 15 67 27 30 91 26 53 15 94 68 83 29 87 9 80 4 11 85 95 65 8 65 85 23 64 21 89 55 37 5 42 71 34 61 66 3 49 58 27 10 12 59 14 30 37 16 63 85 43 39 79 12 19 93 47 44 32 83 11 75 12 18 
63 69 83 65 97 37 83 59 54 96 45 45 87 68 30 85 46 81 86 53 19 33 15 87 21 66 56 22 21 31 13 19 9 92 42 85 6 34 6 35 32 99 53 73 87 90 23 34 63 52 86 73 94 99 84 50 95 24 81 93 55 93 31 42 11 12 83 43 20 91 9 39 87 8 88 36 45 57 12 1 56 30 
21 82 57 12 9 52 44 46 83 24 30 49 99 48 10 73 66 63 56 76 94 19 60 0 50 69 34 17 0 36 79 71 69 86 54 41 15 8 26 64 14 40 5 45 52 58 98 35 67 24 44 96 33 71 78 10 92 8 80 61 32 60 12 88 8 9 79 77 29 61 51 79 75 64 8 87 31 86 19 51 58 6 
67 7 99 83 75 10 20 46 77 42 59 41 29 95 76 83 83 86 88 81 52 29 0 29 72 36 28 29 4 87 67 10 66 83 43 67 21 20 95 62 41 87 10 11 24 50 76 65 31 69 3 66 88 72 14 46 92 43 42 15 50 45 18 55 90 86 70 99 37 72 26 57 26 89 16 94 38 56 91 7 81 45 
83 49 77 27 34 91 44 17 61 68 1 52 88 54 44 57 48 43 83 22 47 94 58 8 30 22 55 57 95 7 67 91 11 58 77 62 34 81 81 41 42 83 61 56 67 70 19 83 16 70 67 55 15 57 92 20 83 74 87 97 15 24 45 19 16 1 57 17 11 99 25 89 53 18 10 14 44 59 0 9 83 34 
40 29 31 67 53 48 68 36 29 64 3 47 93 97 73 34 45 60 78 21 46 51 81 3 11 56 55 26 78 67 20 77 47 94 9 60 51 88 88 39 23 63 99 50 73 72 79 5 64 63 85 88 88 91 2 48 61 52 77 78 57 89 87 36 24 13 11 14 80 14 32 30 7 57 95 49 64 64 57 98 23 87 
30 72 73 27 58 39 88 8 24 36 21 10 17 96 63 67 47 59 91 72 76 58 45 1 22 79 75 35 48 32 23 23 3 0 23 77 38 65 88 18 14 47 14 38 30 35 35 34 47 23 41 11 2 43 59 89 62 44 56 67 80 73 13 39 98 8 33 1 45 95 0 89 89 63 13 63 89 14 74 87 61 61 
85 58 5 74 95 37 22 20 89 12 56 47 88 3 94 20 28 88 36 31 1 62 11 49 9 43 15 17 98 55 15 69 67 62 47 65 30 83 14 96 98 12 88 68 7 87 66 45 66 94 22 14 63 27 18 24 11 22 64 71 36 61 4 84 75 95 69 16 4 84 34 4 21 41 9 58 69 99 36 51 29 39 
72 4 18 29 92 77 22 86 30 34 7 45 35 77 50 28 94 25 33 77 90 95 96 48 95 2 15 24 3 1 65 82 37 0 74 53 91 75 45 29 72 53 41 23 78 12 23 50 74 91 61 9 91 1 90 88 97 80 21 16 62 79 44 28 31 24 62 62 57 23 55 79 28 35 64 15 28 18 2 61 10 26 
75 64 11 47 60 14 24 68 26 45 95 30 44 88 14 95 35 64 65 36 41 74 38 6 69 94 57 71 59 32 30 17 36 10 3 96 92 33 35 62 4 26 53 17 84 48 67 88 5 31 58 62 69 96 99 8 43 50 68 70 19 56 9 46 44 63 11 88 48 83 27 74 13 67 24 8 93 21 30 9 32 95 
42 9 78 9 63 58 48 97 87 55 9 85 52 35 30 51 23 80 63 82 87 28 46 77 24 44 77 14 98 8 99 45 28 23 89 63 77 33 50 18 9 58 53 66 54 85 48 75 8 7 62 38 52 19 2 74 28 4 66 37 47 38 92 60 67 73 80 31 25 59 38 57 22 28 76 36 32 73 20 82 8 58 
28 37 1 73 71 64 82 25 11 55 90 51 1 23 73 45 53 28 44 49 16 74 62 61 57 43 82 25 39 83 76 28 81 80 39 76 19 22 53 70 21 11 75 23 43 96 77 78 51 68 50 71 12 25 61 35 88 54 10 82 29 80 92 62 29 22 93 86 99 24 97 83 31 66 17 34 65 18 87 69 11 80 
50 80 81 51 51 77 82 66 39 71 65 37 33 7 61 37 8 37 23 58 86 57 25 24 73 72 89 42 63 13 36 40 37 34 61 55 4 12 49 75 79 74 44 8 45 79 8 38 8 66 39 20 84 84 91 73 38 85 53 22 65 23 34 87 98 44 14 84 20 94 47 60 82 98 18 74 82 47 10 41 36 73 
78 46 39 22 22 4 89 60 98 40 49 78 89 22 94 41 52 8 63 83 72 90 21 39 75 72 62 94 59 61 88 18 61 17 40 89 45 5 65 63 51 62 43 90 42 36 92 79 73 74 97 89 14 13 32 20 31 81 27 68 12 67 61 97 20 16 1 69 12 34 79 80 98 46 79 72 8 71 93 72 19 47 
98 91 51 44 90 99 85 57 91 94 72 66 47 2 79 46 55 61 16 49 70 45 45 79 89 15 47 4 92 37 39 97 39 70 70 92 51 2 75 36 52 44 16 39 37 56 49 10 46 29 95 83 79 4 93 66 69 99 75 74 38 86 85 30 98 20 12 52 29 46 74 14 52 32 34 62 76 45 88 93 34 42 
3 83 85 18 78 97 7 97 89 27 86 47 17 29 72 53 43 57 29 19 89 52 45 89 40 83 75 68 70 60 16 75 32 26 49 11 36 69 23 29 64 48 89 44 71 14 41 12 69 63 69 93 99 64 94 12 77 77 82 24 20 52 26 41 52 8 75 43 34 79 21 29 68 28 79 65 38 37 58 69 5 6 
73 76 67 88 54 35 94 61 55 86 57 7 45 39 45 4 18 86 66 74 10 68 62 52 51 74 55 30 9 96 48 13 80 16 10 15 83 17 65 78 75 46 7 27 62 81 58 63 18 24 82 30 92 55 5 76 29 75 30 37 55 83 5 89 31 53 0 17 4 91 48 9 49 13 24 3 31 88 16 21 0 61 
10 23 0 48 49 28 30 59 62 63 17 87 68 53 86 83 61 90 33 32 19 34 78 9 21 63 69 59 70 77 56 93 32 57 22 43 34 43 66 56 97 94 13 14 5 46 51 1 80 75 49 37 84 84 13 87 18 11 25 18 24 24 69 91 42 93 67 38 89 29 44 32 85 48 45 43 89 36 97 29 70 66 
26 41 9 44 88 2 54 84 37 74 30 61 36 57 5 65 13 56 57 20 57 64 75 68 15 79 87 51 26 1 35 81 39 64 89 82 31 28 7 20 23 15 92 30 52 77 57 99 53 94 42 38 56 41 42 31 53 93 63 18 98 2 51 79 12 19 85 94 19 0 27 81 97 12 39 29 49 4 58 42 28 10 
97 64 90 73 28 87 85 45 62 61 86 49 2 80 37 38 27 11 32 93 43 30 89 13 67 82 17 2 15 26 96 40 85 69 6 25 51 37 93 56 14 14 54 76 3 40 58 15 73 97 29 37 10 83 18 42 30 22 53 35 86 19 39 27 34 38 73 77 20 50 67 94 94 91 13 80 71 31 3 20 71 30 
58 98 94 44 71 32 86 45 8 95 33 18 19 55 36 59 18 92 39 5 29 5 67 33 79 53 6 14 68 65 83 84 44 65 45 30 62 83 6 51 64 82 16 85 58 44 88 19 38 12 56 6 54 96 54 39 53 78 60 75 57 5 31 51 7 99 64 71 6 22 38 39 93 40 45 18 26 79 1 51 16 20 
38 77 42 12 92 46 11 61 96 8 14 96 86 65 54 18 95 53 2 21 78 50 16 69 42 20 1 12 19 83 69 27 14 62 32 51 57 34 72 85 68 52 67 66 77 4 74 83 9 91 36 57 99 16 80 48 93 95 78 66 83 54 52 71 92 66 18 20 19 66 53 41 38 79 73 17 42 92 70 86 40 29 
59 9 96 40 86 15 92 95 60 29 92 25 30 90 64 39 99 48 84 39 29 27 71 37 50 18 31 7 23 90 82 91 15 17 62 55 46 12 91 56 5 18 54 56 87 65 14 19 79 34 51 77 29 45 66 95 87 51 11 3 88 1 52 89 36 94 56 52 23 5 24 19 84 96 49 70 14 29 29 9 26 19 
56 67 52 97 13 87 76 35 75 60 6 18 66 52 37 11 61 80 17 48 93 94 57 71 78 4 7 56 10 5 99 10 96 30 55 73 38 15 78 95 38 99 20 0 19 42 80 53 92 75 33 78 87 15 19 92 4 25 0 55 25 19 0 23 74 70 61 62 70 50 51 86 12 0 95 9 0 5 24 67 70 20 
27 63 98 81 0 47 59 47 78 93 78 3 48 67 26 70 7 36 0 84 76 80 57 71 90 27 89 12 5 49 77 57 2 67 86 96 31 6 31 8 19 40 52 14 67 29 24 23 92 67 66 89 94 86 38 99 42 3 42 7 23 44 4 3 27 86 74 36 32 55 53 88 27 23 44 75 49 10 69 96 21 58 
66 77 19 12 46 1 43 10 75 86 14 76 83 13 5 71 59 18 7 78 92 72 53 14 50 81 90 81 40 35 6 67 9 65 92 60 9 61 83 34 67 6 14 47 83 93 13 56 45 96 56 42 81 56 82 68 94 18 91 2 93 54 98 85 99 27 98 93 47 66 49 56 19 25 99 7 55 12 42 60 84 72 
51 3 50 72 17 58 72 93 78 46 25 13 93 11 40 33 59 0 5 41 15 7 91 41 6 56 19 57 61 26 47 9 76 2 9 23 19 5 83 59 4 76 27 85 12 95 79 42 25 43 62 57 2 53 75 89 97 5 44 9 29 20 16 19 79 14 65 58 71 87 16 30 9 5 99 50 99 95 85 54 59 65 
39 59 81 29 63 1 41 22 57 32 31 32 29 26 40 52 51 60 90 73 35 48 5 36 17 92 49 36 54 6 24 11 82 11 44 78 98 73 2 44 10 53 10 51 19 63 15 43 41 2 92 67 68 0 88 37 50 62 55 18 90 68 38 24 41 9 69 6 57 86 81 66 75 57 79 61 89 20 64 75 18 36 
84 77 90 14 51 69 81 53 88 70 29 18 7 1 67 60 37 27 96 2 12 1 33 52 74 70 41 39 28 81 39 46 10 59 62 34 48 19 90 40 81 13 38 74 33 65 49 85 26 95 90 91 32 8 58 73 86 50 1 15 97 8 89 27 79 65 68 40 48 48 78 20 13 70 98 78 95 12 49 83 24 52 
57 47 49 3 37 97 87 37 66 84 4 36 49 80 51 78 0 84 80 95 96 81 93 32 9 33 21 15 57 67 34 79 35 92 12 83 27 36 38 39 76 10 21 26 42 4 93 8 46 43 38 9 40 15 80 55 51 47 70 97 85 77 57 64 17 98 43 35 22 5 87 31 54 45 93 42 89 64 97 58 81 91 
60 4 34 9 75 42 35 73 52 31 39 32 45 3 63 63 44 48 77 73 41 79 62 97 50 95 5 28 88 59 46 14 80 71 75 88 37 51 86 1 66 80 41 41 45 48 56 48 77 20 16 20 41 13 74 67 69 93 94 51 58 80 97 7 0 11 74 19 19 0 16 61 80 40 22 52 21 11 42 78 44 74 
40 85 14 23 27 58 83 81 48 38 62 53 86 38 66 54 15 39 29 99 97 72 58 24 7 76 54 35 7 92 83 52 44 77 12 19 76 30 50 98 31 73 1 19 97 88 4 72 46 84 66 10 61 94 60 11 26 34 63 6 44 6 56 26 40 27 37 50 43 99 48 28 20 39 82 88 93 55 24 12 96 21 
34 10 95 27 14 86 69 26 29 94 60 88 77 96 36 89 50 40 94 13 79 72 34 77 2 36 47 45 96 86 24 75 18 23 84 35 64 64 76 52 24 25 69 90 0 88 89 32 22 33 86 36 81 97 18 11 84 1 35 1 55 75 87 22 50 29 80 87 10 61 45 15 79 37 13 84 24 47 26 19 23 57 
39 57 20 20 75 56 1 62 20 55 0 34 55 90 21 36 11 85 0 10 2 43 95 67 85 15 36 47 19 20 25 96 52 95 78 16 33 65 44 31 48 43 13 16 82 82 55 11 48 19 74 55 78 22 11 75 37 53 94 11 45 48 33 29 27 97 69 57 80 2 26 19 85 45 37 8 75 94 78 48 97 96 
56 54 42 38 63 41 17 64 85 20 39 35 54 90 74 73 11 88 64 42 51 16 52 97 75 66 71 20 67 34 16 96 10 9 52 71 85 1 4 35 61 85 85 40 89 17 10 67 19 12 34 6 78 56 21 72 33 71 13 34 73 40 21 59 32 48 54 66 62 19 67 2 26 98 3 44 42 96 63 69 4 30 
29 26 43 24 51 93 42 46 41 24 77 31 18 54 63 90 7 51 93 75 38 58 31 4 74 54 28 41 60 84 48 81 10 45 63 16 32 36 46 19 19 48 58 60 21 3 73 15 48 10 7 60 33 77 82 42 45 43 95 61 10 13 74 46 99 32 74 37 18 57 21 19 80 40 85 77 4 24 35 52 84 74 
31 28 3 5 54 13 4 3 68 21 37 43 10 92 2 99 27 44 30 32 47 58 10 96 93 75 65 52 70 36 75 44 23 45 89 5 51 20 11 86 35 27 97 22 79 35 94 37 62 96 31 65 72 94 56 45 68 58 56 79 64 87 57 12 43 73 91 53 45 80 95 47 11 24 2 26 95 44 32 75 49 24 
83 37 68 42 15 11 70 82 59 45 14 46 83 9 48 18 97 9 60 11 75 2 61 3 19 11 33 6 39 92 77 20 24 42 99 47 89 14 72 75 68 74 13 76 12 88 77 33 79 25 16 92 92 57 68 74 94 14 1 97 59 86 92 59 71 42 57 27 93 49 69 80 40 75 87 46 80 84 47 42 4 85 
73 32 52 62 85 8 24 25 87 50 32 39 26 19 52 88 26 10 59 13 70 39 35 27 34 59 3 43 54 85 46 90 59 94 45 98 83 72 76 78 63 32 51 3 51 38 2 60 58 38 8 6 59 66 25 85 20 72 14 22 29 26 22 3 75 51 75 72 63 16 9 60 61 76 79 31 57 86 11 3 25 54 
50 39 27 99 53 31 71 52 44 96 48 53 91 99 71 57 96 13 32 26 50 63 1 65 36 67 95 49 53 87 91 95 20 53 31 76 8 76 73 83 18 51 45 49 60 0 40 99 42 53 95 83 84 83 3 68 78 87 27 44 89 94 49 11 39 95 26 22 90 13 56 6 58 28 29 20 48 18 54 58 28 31 
35 8 11 4 31 88 82 58 5 3 54 75 45 46 41 75 72 98 95 32 14 56 54 94 22 64 28 63 13 13 70 20 93 75 7 79 46 97 95 85 70 62 6 25 92 43 5 2 63 30 7 75 37 90 81 31 68 71 68 16 58 1 21 80 65 1 35 86 26 52 29 31 1 37 7 83 95 26 87 27 24 3 
81 1 76 99 88 88 90 3 92 98 35 57 64 82 2 42 48 39 40 88 13 81 99 64 82 42 4 68 52 48 98 8 54 57 91 79 37 60 57 61 47 48 21 25 35 11 36 34 74 85 56 34 58 19 84 6 47 11 20 28 70 62 86 27 94 93 61 23 14 77 48 37 46 74 5 2 94 47 44 88 61 36 
38 69 24 48 51 81 14 3 60 10 95 72 79 83 21 33 88 66 31 60 36 83 5 4 77 23 38 49 2 54 9 49 35 49 71 37 4 11 30 36 38 63 27 95 95 76 14 95 67 73 2 60 4 27 56 34 83 21 90 46 65 82 37 86 1 67 72 50 53 42 64 24 68 58 48 43 58 89 98 29 26 63 
77 90 89 21 71 13 21 3 58 78 54 30 66 73 21 38 6 7 23 24 20 18 0 64 80 60 45 79 29 33 69 80 35 54 67 57 97 3 69 93 47 20 96 36 24 49 8 71 9 15 48 78 10 90 8 88 87 73 95 23 19 93 64 97 29 19 49 31 47 34 45 76 48 25 44 9 55 45 96 57 34 94 
4 72 61 5 58 83 91 7 57 71 40 16 26 21 97 26 71 38 21 29 43 19 89 56 85 38 22 67 83 56 68 82 90 62 59 17 0 47 22 57 3 44 75 6 29 37 37 95 14 32 19 20 25 67 2 23 76 41 54 55 91 89 47 57 51 12 34 76 24 55 47 76 20 82 33 76 84 88 85 25 90 91 
80 59 13 7 8 60 32 15 31 43 38 79 31 99 90 78 70 1 36 40 26 24 20 97 98 60 47 6 47 93 30 0 33 39 42 11 2 11 82 12 25 57 34 59 93 98 76 24 41 4 67 81 96 76 24 29 62 36 7 24 57 35 26 24 58 66 75 56 92 13 85 47 64 91 73 16 96 56 89 82 57 45 
24 55 84 97 84 42 0 46 2 45 30 70 32 45 51 62 78 93 7 78 98 82 19 55 61 15 24 53 64 59 60 44 1 56 50 75 47 83 53 20 53 78 83 39 13 68 72 98 42 75 50 70 16 92 11 60 88 90 10 31 73 1 20 81 77 15 3 69 30 90 17 61 40 42 58 98 3 68 84 10 19 69 
65 88 68 64 72 50 81 80 57 60 57 22 85 57 52 33 49 64 40 93 96 54 83 50 65 94 22 51 28 14 77 83 8 45 34 20 46 90 60 34 5 76 27 67 21 35 94 29 74 40 86 74 94 25 22 24 19 64 37 20 80 22 87 74 44 96 93 74 89 46 60 50 54 17 1 28 14 79 70 84 90 12 
51 75 38 48 14 75 9 24 93 7 4 31 99 9 56 22 77 83 56 68 31 88 73 77 80 97 61 9 30 73 19 13 48 5 85 53 45 56 2 61 26 43 39 15 0 33 16 51 3 31 96 7 76 19 61 92 10 70 22 17 25 72 11 59 40 8 47 58 96 10 26 64 14 10 23 72 42 21 33 35 23 14 
69 67 71 95 10 59 15 91 65 75 39 10 73 61 0 12 24 58 12 14 97 1 96 82 10 85 85 86 2 33 88 96 22 56 56 9 52 38 26 0 57 40 44 98 50 56 20 1 32 69 3 18 24 79 74 24 60 86 29 82 83 85 83 17 17 14 70 68 72 81 56 1 28 46 76 53 5 48 67 27 98 88 
30 61 50 15 12 16 95 95 22 16 32 37 51 33 72 5 67 12 49 91 12 65 0 11 27 50 54 16 97 17 67 69 18 44 31 84 79 6 1 85 64 29 70 59 97 95 32 66 86 58 52 61 55 86 41 26 65 5 21 69 55 97 91 54 69 38 91 67 59 98 68 42 75 60 32 32 44 77 65 76 43 6 
39 54 96 18 25 43 19 15 58 34 37 54 54 50 5 28 71 44 15 28 14 68 24 86 70 63 9 17 94 90 26 2 96 48 92 71 58 11 27 99 70 93 30 51 83 57 72 65 14 19 55 4 99 82 5 13 92 65 71 29 0 99 71 9 22 68 26 87 49 8 82 62 80 27 34 53 23 15 84 89 13 59 
48 58 33 96 79 24 43 18 27 75 88 76 90 16 66 13 39 27 90 72 12 11 73 35 90 85 18 24 40 61 78 57 6 93 2 54 34 56 26 5 80 92 19 66 64 25 55 33 46 91 65 22 61 78 11 11 98 57 52 52 7 28 59 92 12 55 11 52 18 4 9 23 75 8 28 34 99 16 81 65 44 39 
97 73 70 24 84 72 5 42 32 64 15 26 15 45 7 42 84 99 84 41 85 64 48 83 38 62 64 83 16 36 77 51 48 72 85 72 40 70 56 88 4 23 66 88 23 88 30 36 29 66 30 54 5 19 34 5 8 84 11 80 44 3 16 35 16 84 47 75 21 84 30 91 42 85 98 26 53 33 62 79 65 52 
61 83 73 17 1 10 95 71 92 43 78 10 61 78 34 30 33 36 25 14 0 26 75 2 50 19 55 63 30 28 17 59 58 89 62 82 66 98 34 35 68 51 25 53 69 54 25 19 77 36 35 50 9 71 46 70 62 43 1 15 11 35 9 27 75 87 38 53 65 45 95 52 85 16 54 87 76 1 95 65 25 25 
36 74 26 73 49 41 14 74 81 52 88 68 41 10 6 66 7 7 25 30 96 39 84 83 52 57 9 69 38 26 71 78 62 67 66 39 98 72 69 5 89 75 74 11 61 97 41 61 73 20 71 83 95 14 2 43 39 70 53 92 35 61 16 0 7 28 6 3 74 93 21 96 64 84 77 87 52 5 30 76 62 35 
14 86 93 3 33 45 63 79 39 23 1 54 57 50 82 14 90 59 21 62 85 6 47 74 16 46 51 1 23 0 20 85 75 44 17 17 94 52 72 28 3 54 50 18 65 73 96 21 93 92 42 90 97 83 4 42 19 79 46 29 2 24 14 50 9 25 14 8 50 13 87 24 11 25 68 63 19 95 96 49 35 54 
63 97 65 40 53 12 95 21 69 93 25 49 5 77 41 97 7 68 47 94 23 76 84 88 96 95 37 75 66 21 77 5 90 96 73 64 38 67 76 1 83 5 82 54 91 91 62 96 41 62 35 94 65 60 25 15 10 17 49 66 90 53 47 81 36 1 29 23 85 36 13 96 85 77 48 99 10 63 37 94 76 4 
16 82 20 59 32 46 78 77 9 39 29 11 64 46 1 66 25 74 8 99 74 84 79 98 14 89 62 70 29 43 15 32 52 80 48 14 97 80 63 67 64 19 54 45 33 8 92 2 41 44 66 95 48 30 49 38 6 19 37 60 83 19 36 9 38 60 53 57 5 67 30 55 54 29 85 75 53 70 34 65 5 66 
88 89 55 2 55 87 15 90 33 9 6 37 57 71 41 21 7 27 27 49 83 77 82 41 74 3 60 58 95 87 2 51 12 57 10 8 36 40 5 93 57 40 35 87 11 66 51 55 87 21 0 24 86 14 50 48 50 7 40 58 7 8 38 55 28 34 42 92 37 89 99 24 26 30 90 63 49 34 95 35 96 67 
