21
34 66 18 40 34 63 49 68 46 33 39 83 11 97 84 9 61 81 58 79 64 
11 14 93 31 70 3 50 94 82 36 21 64 68 79 54 87 83 39 2 56 61 
96 60 28 82 96 96 2 18 26 6 32 66 22 37 48 77 31 14 86 33 57 
93 3 42 88 74 74 90 6 93 5 52 9 4 16 6 89 70 53 37 88 85 
55 62 93 24 64 16 95 99 3 97 27 21 56 16 65 25 55 16 66 77 39 
83 84 39 43 15 96 41 40 88 9 81 42 10 55 66 73 29 66 10 48 99 
56 25 29 59 6 79 93 76 75 10 59 72 36 35 68 52 44 55 49 72 48 
93 8 60 68 27 34 10 24 43 94 11 73 41 96 78 52 67 76 64 37 60 
61 43 86 18 28 44 63 42 33 67 70 95 22 55 55 27 75 47 54 50 1 
41 50 53 99 85 98 30 10 7 23 83 70 54 9 5 10 21 43 32 25 68 
9 68 7 42 33 19 88 67 83 22 87 73 74 14 75 89 12 4 0 48 22 
44 76 60 9 87 18 69 37 92 79 64 83 63 32 75 22 34 32 59 35 91 
55 71 67 82 81 54 7 84 40 84 54 22 1 22 78 17 25 1 24 34 77 
58 8 50 1 84 86 75 85 57 46 55 19 82 71 39 23 43 46 11 2 60 
47 61 47 34 56 3 23 41 58 3 9 14 22 50 57 78 41 20 46 96 89 
56 47 12 91 24 59 24 5 73 37 86 48 5 51 48 28 16 67 41 81 73 
77 97 63 74 8 9 74 57 91 65 99 99 52 35 66 65 92 1 48 97 62 
67 35 34 70 47 93 33 6 57 30 22 12 43 90 19 79 93 14 48 88 14 
68 19 30 29 30 94 33 72 80 52 12 47 14 20 98 91 0 66 11 45 41 
29 9 14 63 33 38 58 1 74 49 83 5 25 64 68 57 96 68 2 48 41 
64 58 65 52 37 32 99 14 47 33 62 86 10 49 43 31 40 28 31 4 42 
