36
54 83 93 45 90 90 66 38 61 24 20 92 67 9 3 50 69 56 11 62 45 32 38 96 42 7 46 42 85 16 13 12 2 79 53 43 
36 32 2 79 48 44 24 91 53 50 35 90 18 22 14 52 65 49 39 18 19 32 76 63 49 10 67 28 61 48 8 94 83 44 1 71 
23 72 55 83 80 21 72 18 72 20 25 49 54 68 92 37 82 63 77 83 35 79 86 69 27 9 73 54 64 92 74 42 18 55 45 5 
47 22 67 71 90 95 69 68 41 59 43 74 22 31 26 72 72 48 44 13 20 67 65 18 98 34 91 97 18 41 83 77 7 80 11 87 
6 59 97 30 50 84 54 75 13 36 41 79 88 73 67 39 87 56 10 19 63 76 94 39 9 63 8 98 15 69 43 20 91 30 89 67 
8 64 74 26 46 55 33 11 98 54 60 83 6 35 86 25 51 75 28 20 64 48 8 17 32 15 2 57 85 14 18 71 76 31 31 74 
17 3 74 6 6 19 66 2 84 57 72 15 95 63 73 76 88 0 31 74 45 20 69 65 72 39 26 53 37 65 93 99 86 5 40 73 
70 20 55 70 41 77 5 50 2 0 56 27 43 8 2 96 27 42 88 71 92 28 39 33 99 74 43 29 45 4 80 92 31 25 29 37 
9 96 95 78 45 42 34 73 14 83 52 32 10 30 26 76 65 29 5 57 4 14 90 37 5 1 97 50 79 33 57 22 0 97 24 70 
88 96 99 91 34 18 61 33 61 16 81 1 27 47 98 27 49 84 18 81 92 19 59 52 62 18 95 53 3 96 28 51 70 56 15 87 
93 52 97 20 16 72 15 75 74 53 44 68 69 34 91 99 65 42 83 25 71 30 6 58 36 54 45 12 87 88 58 55 29 14 37 9 
68 58 33 93 3 19 95 15 89 34 40 62 36 51 80 95 59 78 84 57 84 54 9 71 64 30 51 82 36 75 20 8 5 94 47 66 
32 74 93 17 72 58 3 98 21 69 90 43 46 19 31 83 7 77 3 45 41 32 23 52 56 63 82 76 2 27 76 12 54 78 32 34 
88 72 10 39 89 92 26 88 66 83 28 66 97 58 12 93 41 47 6 21 96 15 44 14 80 71 86 15 69 81 39 33 37 61 42 62 
34 53 34 72 26 51 54 8 38 70 26 65 45 87 0 18 15 10 49 9 62 29 19 25 65 93 74 31 8 41 70 77 9 68 52 44 
80 19 71 4 59 3 55 58 72 49 93 73 55 9 77 6 24 44 51 47 3 86 54 4 48 44 0 90 82 40 8 99 56 67 37 2 
70 92 43 99 90 35 84 32 27 31 57 41 24 57 4 62 13 51 66 63 54 78 94 72 33 25 12 42 43 58 89 74 72 82 76 26 
93 81 62 78 86 60 83 54 7 0 29 69 64 60 82 13 26 31 53 54 2 95 62 73 33 54 11 77 30 43 16 32 23 21 7 11 
42 65 69 0 52 30 37 28 9 70 6 42 55 11 33 79 10 63 77 64 97 46 14 49 62 67 58 36 72 22 63 71 18 89 67 51 
77 81 61 27 70 12 67 17 22 69 57 20 83 45 94 14 19 9 56 20 18 33 22 84 21 99 57 71 70 45 39 5 46 62 16 90 
13 55 96 75 2 75 79 18 6 91 39 27 97 36 67 5 8 85 77 9 33 6 98 77 6 52 63 52 44 36 80 6 36 46 6 12 
27 15 25 30 24 32 38 37 68 20 88 52 62 68 70 98 81 45 42 47 5 46 58 33 82 65 83 57 13 1 95 31 26 95 44 87 
19 89 15 42 38 71 71 37 54 25 65 76 48 22 61 16 37 16 13 51 89 12 66 21 2 57 57 85 99 57 47 41 97 84 92 91 
51 54 79 36 14 4 95 3 55 39 23 32 37 93 26 99 25 52 37 57 57 53 79 54 77 18 88 84 48 25 59 31 94 37 49 30 
72 30 31 67 2 17 19 11 81 10 67 13 33 35 64 33 40 78 70 1 29 18 93 36 93 7 39 3 60 68 22 13 78 70 1 75 
80 40 62 69 5 86 28 88 9 7 51 25 9 99 36 3 42 25 75 45 41 58 61 3 76 63 15 87 87 89 29 55 37 68 72 27 
49 13 91 21 18 57 9 66 47 44 59 39 97 63 62 96 59 54 75 86 11 74 59 23 50 34 44 77 79 97 37 11 69 80 22 8 
20 26 59 62 57 46 95 86 18 92 38 48 46 25 19 97 89 12 56 33 69 50 77 75 11 10 12 3 85 86 44 72 98 32 77 3 
69 60 70 0 76 71 10 72 4 16 25 72 21 15 80 33 7 96 36 93 59 5 99 50 2 96 49 54 93 0 62 52 90 95 34 49 
11 14 43 70 19 13 71 90 63 45 81 12 39 80 49 89 7 33 4 12 2 41 98 22 44 82 76 73 32 42 78 12 4 67 17 42 
73 7 95 36 32 8 79 24 67 43 57 41 58 81 76 89 30 62 94 39 28 25 25 90 83 45 10 54 70 4 88 74 57 79 88 6 
95 42 88 15 38 12 3 81 17 26 78 22 86 85 57 78 64 91 26 75 38 17 67 66 58 79 91 51 87 28 98 47 17 56 82 96 
64 12 35 35 51 5 48 57 58 1 16 71 13 87 14 29 99 74 68 1 20 89 96 74 26 46 74 4 46 86 42 63 89 34 58 9 
33 68 28 24 19 75 98 41 34 56 31 38 17 34 61 3 15 75 25 46 20 30 3 32 85 56 16 24 85 66 83 71 78 64 27 98 
23 6 43 13 56 72 71 76 4 91 51 48 16 83 74 15 84 96 53 61 15 70 60 0 60 45 98 55 95 89 28 27 51 79 59 70 
86 97 75 18 0 81 33 19 86 14 5 97 78 50 17 53 51 80 9 97 6 90 55 15 24 19 61 59 0 96 15 98 45 28 15 20 
