22
87 77 64 77 97 92 2 40 45 74 95 12 26 0 33 43 91 25 12 91 38 26 
7 51 54 88 36 28 24 66 33 67 50 70 35 85 61 35 96 68 60 98 30 64 
5 13 22 85 74 44 35 88 82 47 78 1 62 21 43 57 24 16 11 90 12 73 
18 73 67 91 70 89 68 24 53 98 87 92 39 13 34 47 39 88 42 50 8 48 
53 26 57 29 48 89 89 90 40 25 5 89 69 59 20 38 59 85 58 57 10 41 
50 94 34 70 49 61 17 48 55 87 23 88 89 24 56 2 6 35 68 12 16 13 
17 52 18 53 3 13 91 1 84 79 14 22 87 65 81 1 54 41 97 91 41 67 
28 87 80 10 14 23 72 16 18 61 57 85 29 23 36 80 61 7 23 42 8 45 
68 32 71 3 7 11 82 4 99 35 74 28 52 41 90 60 30 71 57 29 35 46 
84 72 43 2 16 21 41 91 34 69 95 47 99 83 23 64 80 25 16 52 39 29 
84 24 21 34 3 31 91 14 34 40 35 47 95 39 87 61 64 65 38 20 4 77 
20 97 25 52 89 23 44 13 14 33 52 6 43 75 13 29 4 18 30 14 7 61 
65 82 60 38 38 52 71 26 32 52 87 61 11 74 49 82 25 72 32 20 20 48 
36 93 76 17 74 47 46 89 83 69 36 93 5 80 94 57 38 89 22 62 76 7 
68 74 46 5 32 88 38 42 92 37 89 0 87 91 47 80 28 72 91 21 85 43 
27 55 15 19 14 19 87 73 71 40 8 17 94 25 84 0 9 3 32 66 61 30 
75 87 80 29 59 51 67 30 76 47 42 7 91 43 83 80 51 67 84 99 30 46 
88 38 70 86 8 7 16 74 64 33 87 28 57 35 59 95 80 75 48 78 17 65 
65 84 93 73 53 37 86 96 44 94 40 27 25 24 57 91 17 61 51 89 4 36 
94 40 8 88 17 66 93 29 33 8 1 70 53 6 65 79 34 71 81 0 95 33 
50 15 94 70 45 60 56 99 45 81 27 98 14 88 42 48 16 90 2 55 74 54 
70 79 40 73 4 36 89 44 24 44 76 47 20 79 93 90 62 71 27 25 7 24 
