90
2 80 91 38 93 72 78 88 49 65 90 85 9 67 33 24 80 22 27 48 28 35 98 0 98 88 94 37 66 2 28 2 4 11 49 15 71 1 56 38 64 98 4 50 91 56 29 77 57 74 50 10 45 32 60 88 40 32 25 35 88 40 67 37 54 57 74 80 8 59 29 82 62 67 82 34 26 22 20 43 27 71 1 3 15 64 94 38 52 85 
94 33 61 39 44 6 46 13 73 22 69 10 45 87 41 50 39 7 89 38 52 5 63 71 77 91 47 95 56 49 42 52 64 74 24 30 19 78 85 88 50 88 45 18 72 46 36 98 83 42 5 60 23 35 71 65 40 1 49 76 64 2 91 1 4 59 49 4 15 23 32 93 53 48 93 54 41 16 35 60 51 10 97 64 93 1 81 18 64 10 
76 53 24 15 77 47 72 24 29 78 1 7 49 76 75 11 5 84 58 42 30 22 74 12 50 66 16 44 63 20 85 78 44 16 45 10 45 70 90 1 48 93 1 73 82 93 95 32 52 70 41 74 0 12 84 8 68 70 66 90 82 10 61 80 51 95 63 50 12 54 26 1 65 3 23 90 53 10 97 45 10 61 58 62 51 16 49 77 46 55 
84 53 83 21 78 53 62 20 34 30 52 8 46 40 5 73 67 16 88 88 73 91 96 1 71 85 58 85 2 96 96 83 42 16 53 16 27 69 44 0 1 53 43 12 60 92 83 7 56 40 34 57 80 77 34 71 94 35 9 12 90 37 71 56 68 95 79 12 89 19 34 71 78 40 27 5 7 63 88 85 95 47 90 32 17 32 91 41 40 61 
48 35 21 15 55 36 21 42 31 20 10 8 51 85 47 40 82 35 0 1 79 23 56 44 74 2 81 36 47 76 97 53 79 50 44 39 87 69 7 26 24 61 52 23 68 50 89 86 14 7 49 52 5 8 78 19 69 10 50 40 75 79 41 1 54 28 97 93 75 60 20 1 77 5 55 25 8 30 3 4 57 28 4 70 50 2 59 12 98 17 
2 93 55 8 20 23 89 89 75 12 24 73 80 57 88 35 13 26 45 25 99 24 45 34 29 79 20 48 57 15 71 6 92 19 2 18 29 25 97 34 31 65 54 68 65 9 4 68 36 18 51 46 87 65 84 86 74 53 82 81 77 85 31 65 93 57 37 68 13 6 8 50 23 56 92 9 57 61 17 82 91 12 91 11 8 11 61 91 57 30 
34 14 27 88 98 63 72 40 43 88 4 51 67 37 82 96 51 72 61 9 2 77 95 5 33 66 69 99 35 26 73 14 80 0 58 54 7 99 29 92 1 72 73 94 98 92 24 98 90 65 17 77 77 88 50 20 12 92 12 59 36 10 18 51 85 41 16 14 48 53 0 24 38 97 2 37 53 62 49 74 82 47 53 46 1 7 58 78 20 58 
79 33 31 79 1 75 77 46 75 44 44 54 86 73 51 76 85 86 37 72 54 71 98 72 25 38 10 31 91 83 38 58 19 56 40 78 57 62 3 91 56 52 75 98 70 11 71 23 11 51 56 57 14 6 87 66 28 83 24 35 35 35 46 81 4 40 90 87 50 89 0 96 2 10 49 48 44 53 67 59 39 27 43 66 14 35 61 31 27 8 
51 11 44 77 79 91 62 45 71 16 33 36 87 41 39 79 70 60 96 4 62 76 39 90 23 38 92 29 43 97 94 17 15 40 21 2 14 16 80 95 50 8 0 11 84 25 69 42 54 10 39 32 41 5 21 57 74 37 94 77 1 29 52 70 16 29 38 93 94 43 79 22 55 72 82 21 33 74 17 18 29 95 44 84 8 28 50 62 6 56 
43 46 16 55 3 8 82 75 64 87 84 54 63 15 34 6 96 3 87 38 79 89 95 15 87 45 86 32 86 35 73 86 52 22 79 31 85 5 37 97 66 8 23 40 16 93 55 33 40 0 33 87 22 54 20 65 89 66 87 44 57 83 61 11 64 6 99 29 27 19 85 96 52 35 52 56 93 36 46 30 76 66 16 99 32 46 33 25 69 9 
0 34 70 18 44 4 39 45 80 81 37 1 27 87 75 29 34 23 68 36 27 88 83 43 83 95 7 83 68 71 75 40 49 88 86 92 28 49 61 9 81 62 78 71 13 2 45 2 6 10 99 13 74 72 18 83 56 28 64 35 46 96 67 43 97 27 1 41 71 80 99 11 3 66 39 45 88 18 68 93 27 51 11 39 79 13 75 87 3 32 
78 1 55 88 98 3 37 79 91 65 19 39 23 18 61 95 25 20 48 98 88 39 90 15 15 39 51 19 89 27 97 16 43 29 31 10 91 84 96 96 88 81 27 90 88 11 72 95 5 22 6 78 7 88 55 98 73 91 88 19 84 14 73 15 13 87 27 14 34 30 35 26 95 8 58 60 23 34 99 24 90 69 8 99 71 83 77 68 91 65 
27 88 77 70 72 51 97 67 77 93 28 28 29 89 41 70 10 37 82 83 95 35 90 76 79 89 51 21 8 85 34 44 32 99 59 56 78 79 71 5 67 46 63 79 83 49 34 47 54 50 52 89 51 20 27 78 96 30 20 74 57 68 14 44 67 59 58 67 6 46 70 82 35 69 42 78 52 42 42 71 26 46 21 61 52 59 71 78 41 5 
25 13 4 55 30 21 85 60 10 53 65 22 40 24 78 43 6 22 49 47 12 90 13 54 10 90 93 20 10 61 7 51 82 19 40 33 44 72 52 79 56 91 86 93 31 53 57 27 61 7 77 14 53 69 5 41 54 29 35 71 86 72 63 94 31 56 50 81 18 60 81 43 15 68 17 41 12 36 82 78 73 4 17 97 29 3 29 15 9 90 
81 8 77 52 67 18 77 79 69 76 25 56 37 25 83 1 36 20 59 14 11 71 37 34 65 73 44 79 5 17 99 0 4 71 0 20 1 73 58 69 53 15 64 46 30 76 85 90 32 27 11 1 26 83 38 25 72 35 10 91 85 42 41 56 64 35 39 88 4 6 77 22 96 96 73 41 26 28 24 46 56 18 17 62 81 77 70 57 26 57 
34 7 9 83 14 38 56 98 10 56 23 6 51 85 15 16 78 78 99 78 32 62 29 17 46 50 59 13 60 81 28 92 5 93 57 75 2 65 44 82 60 48 60 35 74 63 65 83 36 47 71 57 5 46 30 24 75 64 11 64 88 53 38 40 43 30 49 19 34 58 53 84 75 20 81 65 1 83 24 81 27 81 8 74 60 5 44 10 3 44 
11 81 23 75 39 93 96 95 97 69 40 5 27 92 37 65 96 10 32 6 76 26 91 65 20 84 0 40 82 21 44 22 82 80 92 93 27 62 7 87 25 36 19 77 69 63 15 89 20 57 92 96 46 45 51 94 93 87 69 39 10 4 88 54 43 38 83 24 36 73 18 54 61 1 4 79 16 79 0 86 73 83 35 21 81 4 32 72 73 76 
24 85 8 98 89 9 76 51 65 67 55 84 7 80 61 10 57 99 91 52 61 27 62 2 16 24 66 81 38 55 19 22 15 59 37 20 83 1 60 33 44 11 74 97 47 25 62 19 5 44 27 60 71 56 85 14 12 82 25 14 49 11 19 90 13 69 69 75 28 72 83 70 46 68 29 74 9 97 98 71 44 23 87 90 72 46 49 98 41 10 
9 41 80 13 20 31 35 50 59 29 66 9 21 74 75 49 0 49 91 17 22 74 54 36 4 50 88 7 66 10 10 86 74 31 80 24 72 50 55 3 39 31 70 24 34 4 9 87 9 44 19 84 18 57 68 70 97 31 13 73 0 19 55 87 85 64 18 3 38 22 83 76 90 5 48 13 90 52 6 69 15 84 2 97 15 43 53 34 71 31 
45 19 87 56 88 20 74 72 75 96 18 51 74 48 20 67 48 80 93 83 9 89 0 69 43 34 71 80 2 52 57 72 1 53 83 41 6 67 0 47 66 10 36 54 89 72 56 9 9 42 15 40 71 57 64 87 48 15 31 93 89 15 64 99 81 27 52 79 76 97 4 21 17 34 87 74 2 27 71 2 20 82 4 92 99 21 76 90 15 46 
16 6 68 76 24 16 5 81 90 33 23 21 21 42 86 86 13 71 60 70 60 28 17 55 4 34 37 11 39 1 97 84 88 77 58 34 56 31 0 63 21 16 93 0 12 26 15 76 21 54 83 45 48 57 88 95 15 38 33 64 2 58 98 90 33 96 56 6 28 20 15 18 85 7 28 50 8 24 40 34 91 67 16 48 98 83 37 97 89 77 
63 59 29 11 10 87 89 63 93 8 25 39 34 45 10 91 67 42 50 46 95 90 71 80 18 6 55 84 19 18 94 2 64 18 91 18 72 31 30 9 13 68 67 92 21 19 60 71 87 21 65 90 42 95 61 47 17 92 98 45 67 8 54 30 59 98 97 97 57 22 94 14 48 77 41 63 43 22 68 55 43 39 22 13 70 69 93 88 46 17 
60 14 33 5 89 48 41 79 30 77 57 24 79 15 31 48 36 3 6 18 52 60 95 27 88 88 19 17 40 14 27 15 12 64 93 4 0 16 69 24 18 47 80 38 12 47 16 4 71 70 96 57 29 49 75 38 0 77 61 45 68 21 14 35 23 76 6 40 9 95 3 46 79 57 94 18 56 35 74 70 42 74 94 21 27 26 96 0 46 89 
7 7 34 62 67 96 33 9 26 60 81 21 51 92 74 76 86 62 89 26 30 58 79 96 43 92 71 16 1 20 53 76 34 10 18 12 88 88 85 14 91 97 5 0 13 75 70 91 73 69 50 64 30 76 23 49 81 72 19 75 54 35 97 5 82 82 36 88 91 32 95 31 93 72 99 54 42 91 68 68 83 47 30 98 49 7 13 39 38 56 
5 37 71 57 23 98 3 11 9 73 83 51 68 15 78 78 92 47 85 72 75 54 4 68 71 43 63 19 19 59 47 76 95 41 41 33 3 22 69 41 55 99 29 38 40 16 4 13 73 34 59 69 36 80 99 33 64 24 45 62 33 17 68 4 90 16 87 80 92 52 39 97 39 83 67 89 94 80 97 7 44 67 86 95 86 80 65 36 93 16 
98 66 24 33 12 89 11 0 81 2 67 98 62 49 38 8 31 79 79 29 59 11 87 19 88 73 47 92 50 23 38 75 66 40 67 82 4 45 8 89 16 18 87 86 42 31 66 19 57 9 10 57 66 45 40 1 32 48 7 22 38 21 31 10 89 87 35 66 33 6 7 69 19 77 64 69 59 26 28 19 39 47 28 93 92 94 9 13 15 64 
87 96 73 54 56 44 88 96 20 68 68 71 99 43 98 39 52 84 84 66 21 68 91 80 80 37 99 96 88 84 24 0 55 39 2 22 9 74 86 55 29 27 16 84 43 92 37 39 24 29 43 3 59 87 0 70 11 9 56 33 55 85 83 25 82 23 18 13 50 15 55 11 90 16 96 45 17 46 81 66 95 65 58 82 8 19 19 14 36 29 
87 4 45 45 68 47 72 84 25 7 19 39 72 77 84 36 63 7 51 57 49 15 71 3 1 45 90 89 18 63 60 4 44 61 73 39 0 49 58 46 23 33 44 55 19 33 19 1 78 56 87 91 65 36 84 97 34 86 47 68 31 47 90 4 90 36 13 16 78 64 72 72 95 18 57 30 63 66 26 48 45 78 20 71 42 22 79 54 87 84 
22 1 42 50 87 27 38 5 48 59 78 32 89 96 63 66 50 53 33 53 34 85 7 96 34 98 3 52 11 90 93 31 94 23 25 5 66 71 80 56 94 40 36 40 58 77 81 9 55 43 11 94 34 20 66 62 8 46 40 36 1 84 52 55 9 98 86 64 76 34 68 62 98 4 57 21 34 30 53 27 4 37 80 28 11 69 92 24 16 83 
21 59 17 61 4 76 70 38 28 15 89 82 57 82 46 26 56 55 98 88 37 21 2 90 84 96 12 99 26 58 97 0 79 20 42 14 85 59 0 57 51 73 20 89 29 68 9 83 74 41 49 76 83 81 91 90 95 10 46 12 19 73 27 89 1 21 32 9 82 94 85 96 16 39 86 36 86 72 79 25 21 84 72 80 97 61 40 50 94 89 
12 83 5 7 50 63 95 63 8 55 28 83 32 29 70 61 30 43 17 94 12 23 55 76 18 77 37 8 5 93 8 62 99 67 58 46 62 29 66 81 26 20 95 5 61 59 69 6 52 10 13 74 20 3 79 12 20 95 43 86 67 87 2 52 82 17 99 41 71 3 16 33 57 24 34 76 36 19 46 83 65 44 20 37 35 65 22 1 30 54 
49 71 0 17 94 9 34 30 88 88 37 38 43 96 70 47 95 96 81 84 23 76 73 83 96 81 93 49 50 51 70 30 29 15 62 82 18 78 23 40 33 75 48 21 83 93 80 37 56 46 52 83 27 68 55 6 78 4 54 12 1 49 75 86 8 7 71 79 97 74 88 88 73 67 28 1 78 37 64 49 94 52 21 3 91 48 76 4 90 49 
66 22 51 32 43 48 30 37 92 67 32 27 49 62 65 22 85 37 14 24 73 85 37 68 75 28 73 99 55 83 51 12 25 98 54 80 14 39 87 67 78 79 98 6 39 94 81 6 75 18 63 49 24 51 76 29 89 47 43 2 69 73 43 86 87 84 20 8 78 98 86 96 92 34 43 43 78 63 77 14 70 59 99 21 32 25 13 51 92 91 
0 41 97 11 8 57 13 8 12 49 44 22 56 32 65 68 63 89 5 3 64 54 91 60 32 68 82 97 50 18 73 60 53 76 16 1 23 91 73 72 23 6 2 92 21 27 27 94 63 89 68 21 8 90 32 6 45 94 69 12 83 19 84 63 28 98 70 27 8 83 36 29 35 60 84 2 13 82 48 7 97 6 25 64 19 90 30 16 14 2 
54 38 30 52 61 8 48 76 58 9 78 20 62 53 2 59 25 49 20 60 94 20 16 93 25 18 70 43 85 94 84 32 73 31 2 3 60 41 89 61 92 7 70 33 32 87 20 27 74 17 5 28 12 72 9 58 35 25 32 64 94 69 58 38 61 75 22 31 13 53 92 98 9 61 44 51 32 72 55 43 46 6 69 36 81 75 74 56 72 46 
51 32 7 89 4 30 42 42 99 8 85 77 64 99 17 83 96 91 27 27 29 24 86 27 84 15 67 26 38 9 91 57 13 73 13 64 46 92 17 48 17 58 6 95 49 51 99 88 74 62 78 40 61 21 65 30 62 93 21 72 81 18 25 6 3 7 61 9 81 29 34 84 55 69 65 51 7 68 87 42 37 46 67 80 87 79 44 54 10 23 
83 58 92 82 93 37 33 88 69 65 56 33 88 64 14 97 22 63 91 47 98 55 22 41 0 46 80 10 66 54 9 43 37 87 54 43 93 10 82 89 55 6 28 72 20 66 67 35 22 2 12 39 4 28 1 82 67 7 19 70 64 99 27 3 15 79 63 78 5 89 8 3 65 52 55 65 41 20 83 30 83 45 6 14 40 98 2 81 6 74 
12 6 6 66 68 86 16 87 43 58 74 21 1 33 73 53 3 65 0 24 69 74 51 26 6 84 19 63 60 47 27 52 28 18 47 21 44 96 58 30 79 0 47 96 26 75 17 84 67 80 32 47 16 27 8 97 51 99 64 16 45 54 32 40 18 16 19 21 86 73 88 81 2 24 81 88 2 21 23 42 48 57 94 41 87 65 8 29 41 17 
68 65 15 20 40 50 62 14 87 10 31 41 54 3 92 89 36 71 63 59 2 93 60 57 89 58 11 92 61 38 0 63 10 1 31 52 22 35 48 61 83 56 99 81 68 12 30 88 27 39 75 97 41 37 1 79 78 90 88 25 53 92 77 60 43 10 28 22 36 66 13 52 54 55 34 79 18 85 18 25 3 81 15 24 22 20 79 41 68 17 
93 67 6 52 87 57 46 83 20 66 57 87 92 88 1 71 51 9 53 25 7 83 99 9 59 2 16 61 16 97 48 71 4 89 18 70 74 18 52 11 73 40 32 71 61 13 19 91 39 78 79 45 34 95 16 55 50 5 27 13 62 71 5 63 91 81 12 53 47 94 85 44 60 12 19 82 88 42 88 73 18 78 5 56 13 57 37 59 46 72 
54 74 68 76 32 27 51 55 7 65 72 2 12 64 89 67 81 6 42 28 58 87 60 69 59 46 51 68 70 81 21 3 99 56 94 36 57 61 19 33 89 99 8 45 25 40 99 40 54 41 90 59 30 79 1 48 65 56 48 89 81 9 92 95 93 82 17 11 79 58 93 36 53 94 48 45 33 97 47 59 50 91 24 94 55 19 32 37 64 78 
88 27 79 30 87 54 16 48 56 20 74 87 31 85 18 98 2 84 12 93 10 72 1 75 5 2 46 96 26 98 58 14 64 12 19 54 1 90 96 79 63 64 51 70 26 35 42 8 21 98 41 41 97 87 6 49 48 7 34 82 79 86 80 74 71 30 51 91 43 54 45 34 95 86 70 60 78 54 60 92 25 24 93 25 79 92 27 34 33 96 
21 85 11 13 82 6 18 33 19 11 13 94 23 45 27 11 30 53 11 74 36 76 34 10 91 56 43 80 11 5 80 50 87 1 22 59 25 77 27 62 36 16 27 14 34 77 99 51 12 17 36 71 70 30 81 24 47 32 60 65 86 39 30 24 93 22 47 40 51 87 24 89 85 63 17 2 14 65 71 25 35 51 98 86 86 22 85 13 51 80 
11 1 29 79 22 52 75 48 27 25 90 37 52 26 51 68 78 98 91 66 52 86 68 41 89 25 16 43 62 94 32 7 36 95 38 5 80 40 60 38 30 57 40 26 32 52 86 83 55 91 33 39 25 82 10 86 73 74 64 85 93 15 49 27 18 7 2 58 45 56 40 34 87 23 59 91 47 64 93 8 4 8 84 97 70 28 82 81 38 80 
74 25 25 95 75 62 42 66 65 41 72 49 96 50 24 89 61 55 13 93 17 43 9 80 20 83 67 18 15 83 63 31 14 94 86 15 81 5 61 6 79 15 21 3 20 11 99 22 16 42 98 77 77 12 74 45 6 65 93 45 26 9 53 83 80 41 33 10 97 96 12 33 20 63 52 34 31 38 65 19 90 49 99 21 13 26 98 31 64 12 
71 68 78 77 0 68 56 93 52 73 83 95 46 94 73 10 82 69 93 33 18 94 1 7 86 68 38 27 10 24 99 27 90 73 72 44 4 35 94 38 13 12 84 90 74 36 84 6 78 69 88 33 53 69 64 88 50 76 40 53 18 29 31 74 28 92 28 62 12 6 6 89 56 2 19 1 59 82 6 26 80 73 21 30 0 2 94 37 56 34 
42 17 57 3 93 10 71 15 9 51 93 99 72 21 83 73 81 88 14 17 23 15 93 59 95 32 77 35 21 18 74 33 69 24 73 69 15 99 58 0 63 75 55 97 13 54 8 6 66 91 83 58 44 3 68 48 59 42 97 39 80 78 91 2 12 4 96 27 2 96 78 91 31 41 58 56 15 89 74 96 45 29 1 98 23 86 53 43 40 14 
79 55 87 29 11 77 56 62 95 97 35 57 5 34 5 63 26 21 95 2 58 1 83 24 26 99 78 3 32 66 32 79 65 97 77 3 99 22 9 22 34 83 44 14 17 23 96 84 86 42 54 40 78 10 55 98 36 35 71 30 30 6 63 16 61 51 40 49 82 80 81 35 92 30 55 36 78 82 45 51 79 33 58 67 40 22 29 28 72 89 
12 96 54 90 10 71 92 31 63 79 76 35 35 39 3 16 10 99 74 56 35 85 33 16 32 76 4 14 91 87 90 73 71 88 16 99 88 82 22 83 62 4 97 49 13 81 49 27 27 81 23 37 79 31 8 5 13 42 48 82 94 41 85 24 86 26 69 69 70 2 70 98 85 56 14 56 51 96 19 10 48 1 16 61 20 87 63 35 71 89 
98 9 76 67 18 16 55 15 43 27 28 19 90 16 40 11 78 36 18 42 40 65 15 40 90 75 27 98 35 27 52 98 41 44 49 9 29 51 88 66 40 67 97 41 52 53 11 99 89 99 38 89 54 28 75 24 44 92 67 56 0 43 14 40 78 63 85 22 2 8 52 80 20 2 9 12 81 2 30 45 48 99 42 71 23 64 71 69 13 48 
81 25 26 29 3 44 95 53 50 68 49 35 94 96 5 31 57 48 5 62 57 75 89 41 95 42 28 75 29 70 12 58 24 65 37 15 21 21 66 7 39 54 69 84 40 27 73 4 37 9 7 8 96 88 15 92 8 91 13 63 44 67 26 79 13 71 48 67 30 7 55 49 18 11 24 91 61 44 23 1 88 82 84 66 75 93 31 77 81 62 
98 3 48 80 49 6 43 1 12 80 45 99 12 94 55 33 55 20 1 83 64 0 99 61 12 35 39 17 51 59 20 79 98 75 56 58 8 88 99 73 53 58 13 40 87 95 59 82 13 20 91 89 91 51 41 76 19 76 2 72 14 96 34 86 22 51 54 69 24 21 53 25 47 38 44 15 3 8 26 27 65 14 73 53 44 34 67 81 57 27 
61 47 0 90 26 42 54 47 61 92 67 13 44 39 33 46 17 59 64 44 75 37 30 58 46 76 23 11 44 30 1 58 60 57 61 29 89 65 86 32 17 99 63 27 44 68 93 0 32 53 39 52 22 46 45 60 90 17 57 88 53 12 24 91 36 79 14 87 6 37 21 40 34 99 72 96 75 8 5 59 0 84 47 32 8 3 34 92 93 88 
33 53 69 47 6 4 99 12 98 37 14 28 84 45 44 67 64 15 78 91 98 38 75 4 92 79 57 20 33 98 67 26 19 20 53 7 83 56 78 69 14 50 12 64 51 50 55 23 1 97 7 73 99 4 16 50 43 58 76 60 9 43 84 46 43 26 81 64 7 51 14 9 16 84 70 98 22 27 23 20 30 26 86 70 78 54 55 65 55 56 
66 77 91 69 60 89 34 10 80 22 65 14 93 8 26 24 68 11 1 72 28 5 3 1 58 18 29 1 84 69 4 22 46 38 83 42 39 50 47 74 66 13 54 59 52 87 31 10 7 85 75 6 6 67 1 95 64 81 1 90 99 83 2 76 97 10 41 41 73 93 14 87 68 76 58 32 24 9 76 5 99 77 65 55 37 81 79 96 27 98 
81 48 72 22 70 18 82 67 97 50 94 99 36 37 62 13 84 68 27 38 24 70 99 6 3 21 1 8 29 12 96 11 47 34 67 75 42 39 62 63 74 38 90 55 16 83 43 14 58 43 31 19 15 56 51 86 93 23 38 91 56 66 46 82 37 78 44 45 45 44 56 91 77 51 54 22 34 98 63 21 18 97 90 28 9 28 80 80 55 89 
0 82 70 90 58 64 8 8 3 45 40 84 97 31 46 83 16 35 26 37 95 96 81 30 62 75 59 42 94 96 32 63 92 6 45 38 84 86 76 54 64 94 49 81 20 3 97 1 77 58 9 14 19 40 91 30 6 47 63 38 88 61 97 69 88 18 41 56 90 46 21 82 47 28 39 64 50 15 77 12 29 96 30 30 78 29 95 30 93 89 
68 75 15 24 86 32 85 18 48 56 63 85 62 54 72 48 38 72 87 39 16 95 41 68 33 32 21 55 75 37 17 79 79 2 34 50 87 51 40 7 88 88 61 51 1 4 72 85 23 91 62 7 20 43 51 47 27 66 55 34 13 95 45 41 98 70 98 37 35 53 79 37 36 54 96 43 88 31 13 68 69 22 23 75 65 37 12 96 54 49 
25 2 90 24 45 9 92 12 70 18 39 28 67 75 13 30 9 15 95 91 4 32 96 28 71 10 73 54 69 31 17 16 22 58 81 32 36 74 97 20 51 49 51 0 69 45 82 90 76 42 80 80 82 9 96 10 70 46 74 48 84 89 45 97 11 32 0 3 64 21 22 13 76 82 15 23 83 83 71 64 0 39 37 11 93 88 34 76 31 1 
90 33 23 93 40 45 84 62 13 82 20 20 54 68 42 97 59 78 39 30 8 60 90 24 63 22 30 60 17 13 51 80 10 40 16 52 49 35 79 74 45 3 96 91 37 53 65 6 70 90 27 82 70 36 81 51 30 71 70 42 37 78 33 83 61 89 25 93 96 73 43 6 56 32 28 24 99 60 16 0 73 30 13 21 51 5 30 57 50 93 
95 81 39 83 62 91 94 57 52 85 41 8 38 47 65 56 48 42 53 68 39 57 64 5 47 74 94 14 12 62 82 20 66 81 98 40 1 14 40 18 55 43 53 67 56 61 34 23 72 86 86 53 51 11 23 86 83 82 36 41 32 55 28 60 68 67 46 8 15 73 64 26 36 59 19 3 74 12 5 46 72 74 30 9 16 76 29 54 8 51 
79 35 1 62 46 54 12 22 83 3 43 83 14 36 5 98 87 40 56 72 51 87 60 66 22 78 53 18 35 98 25 77 62 52 68 11 16 80 57 59 50 7 2 26 66 76 53 35 78 49 65 17 71 24 56 97 96 56 18 6 17 35 0 83 9 91 12 84 48 52 37 17 34 90 59 73 39 22 7 74 79 67 18 47 55 84 32 95 63 77 
80 96 19 67 60 93 45 37 54 44 36 89 26 85 83 20 59 39 86 58 13 60 18 46 78 98 49 18 36 77 12 31 15 92 85 80 8 71 16 93 69 34 2 99 30 65 62 11 81 58 3 88 50 13 68 49 14 97 18 97 92 62 77 46 22 50 22 53 90 30 89 24 66 12 88 86 32 0 57 81 54 20 74 41 26 63 63 21 49 26 
42 30 16 94 89 8 42 42 63 34 65 70 5 86 33 84 42 6 67 39 79 22 2 82 30 84 81 13 73 62 56 87 77 66 25 46 16 47 90 40 52 24 45 94 6 11 29 76 46 4 45 36 1 67 84 8 97 9 15 28 78 59 10 21 66 74 13 21 50 19 71 35 77 49 82 70 27 46 99 74 38 50 53 19 69 64 32 51 57 92 
43 30 32 97 24 64 26 48 5 84 52 21 24 89 97 83 28 63 0 88 2 39 23 66 55 39 34 17 28 93 35 25 3 10 65 64 53 72 9 90 90 54 1 49 50 64 34 81 79 84 77 60 38 71 41 27 22 52 92 1 17 18 74 16 62 33 92 79 30 33 3 23 26 68 70 71 69 98 78 10 99 9 67 51 96 46 72 73 16 79 
27 41 73 88 68 62 60 34 70 71 66 87 3 20 86 56 49 50 48 33 13 17 92 99 93 49 12 8 71 53 0 3 84 21 56 6 31 93 53 82 70 36 78 46 43 35 51 37 80 63 31 18 93 59 90 41 60 17 33 85 79 49 34 16 62 20 1 28 36 39 57 48 84 41 86 18 57 81 19 29 50 14 71 53 88 49 29 64 34 77 
4 12 44 55 82 91 29 51 57 21 39 63 80 48 68 43 49 18 86 15 8 72 96 30 60 94 44 12 65 91 53 94 40 67 58 41 80 40 58 93 23 14 59 73 99 27 35 29 51 56 53 72 48 74 17 64 33 25 47 74 58 43 96 99 50 72 28 49 72 25 88 47 20 48 58 50 92 20 63 9 81 90 24 8 61 80 53 83 58 14 
57 57 12 87 96 78 29 5 48 94 54 45 55 77 51 49 70 96 0 60 10 21 75 22 57 83 41 85 16 4 96 60 64 36 23 31 68 39 46 88 52 40 86 49 48 27 17 90 80 61 55 10 56 1 92 6 13 61 90 34 27 11 95 17 30 84 24 72 44 52 69 62 85 80 76 19 25 28 62 47 7 79 33 39 80 22 93 39 36 59 
10 38 76 36 66 39 20 7 17 41 76 71 61 11 34 40 13 11 24 73 17 88 33 88 15 25 18 68 21 69 9 35 35 86 78 62 94 80 34 62 71 43 25 57 90 11 89 94 23 79 21 85 82 85 80 19 39 7 90 15 89 96 1 47 24 9 98 82 58 58 48 6 23 40 14 65 1 30 64 93 91 33 78 5 14 86 41 41 2 98 
68 70 40 84 49 58 97 15 30 51 63 2 81 22 47 47 71 60 33 56 96 9 97 29 9 69 37 10 72 0 1 20 5 26 31 97 46 84 45 41 85 74 16 52 10 98 64 62 8 49 68 73 57 54 1 14 9 9 50 19 57 14 22 85 60 30 5 82 7 61 58 26 99 39 70 5 55 18 79 97 94 2 79 16 26 92 28 36 63 36 
49 99 95 45 75 40 90 7 67 49 11 57 31 35 37 53 56 82 32 50 10 12 72 77 92 75 9 48 68 4 33 66 59 68 39 43 82 77 73 53 0 5 65 25 56 23 54 57 39 46 53 67 91 92 46 46 63 72 92 44 34 1 1 57 28 96 17 3 41 1 63 27 37 33 42 32 93 90 46 91 59 24 57 43 60 21 53 63 55 53 
36 34 15 44 3 31 59 8 17 9 58 11 20 38 73 90 34 17 38 29 61 50 98 48 85 44 39 6 20 94 93 80 84 81 37 64 61 49 85 44 74 34 7 83 62 86 45 76 48 26 14 67 72 99 87 81 45 53 78 3 59 31 64 2 42 69 54 26 21 26 33 92 98 64 50 70 15 79 37 36 94 75 51 89 14 46 12 33 49 6 
3 32 74 67 85 83 16 6 92 8 70 71 40 0 99 9 37 64 18 16 44 88 26 74 56 14 15 91 1 50 56 47 37 98 30 18 87 39 83 13 65 85 21 28 89 36 38 8 66 11 71 5 39 17 1 68 17 59 68 5 44 33 51 45 95 53 30 92 99 6 75 16 43 70 28 48 25 48 90 29 79 97 3 80 37 10 30 66 75 94 
11 8 62 7 86 38 39 12 34 52 56 32 75 61 4 1 13 12 19 60 41 32 63 86 77 43 90 9 51 59 68 38 87 74 61 94 5 40 28 11 59 99 55 45 97 35 74 38 24 72 64 75 65 97 22 13 69 3 23 85 94 83 65 40 81 53 61 51 8 98 37 66 24 28 84 64 19 66 63 12 95 11 80 7 55 36 91 6 19 95 
8 93 8 86 70 30 3 65 41 58 34 4 88 87 97 53 50 83 42 66 82 31 24 6 42 70 14 62 92 2 24 36 96 67 5 80 3 64 48 55 94 14 80 38 24 71 54 63 81 28 30 15 46 36 10 12 26 9 84 42 24 80 47 74 12 53 41 37 52 53 88 23 31 97 38 36 97 64 20 61 34 4 38 90 49 66 73 75 13 20 
79 16 83 49 57 68 55 24 15 82 66 69 63 13 37 26 36 7 79 53 10 49 5 84 51 65 66 65 42 65 75 79 20 80 25 4 4 55 2 53 28 90 3 81 38 88 87 72 17 57 50 75 84 76 65 34 93 34 61 70 16 70 59 90 71 62 38 93 66 58 17 82 40 93 40 48 8 45 70 1 99 88 82 1 47 25 50 75 56 88 
82 12 99 44 62 57 24 34 94 29 78 31 82 56 79 79 14 58 78 80 10 91 24 87 95 87 65 45 9 35 4 11 41 16 52 36 99 84 26 89 53 31 81 32 64 83 32 12 75 28 86 48 93 35 97 78 45 66 52 60 22 46 28 91 77 21 26 73 66 71 31 45 67 20 9 97 45 26 53 20 8 90 54 50 6 37 9 45 60 34 
76 78 12 63 46 53 32 20 1 93 89 5 13 12 20 63 56 36 85 67 16 32 22 74 89 33 75 9 10 1 88 85 12 6 0 92 91 39 81 0 21 85 61 56 16 89 32 0 58 78 41 41 50 18 15 74 80 75 52 55 46 16 49 9 91 16 81 40 58 75 32 41 75 93 53 98 90 24 71 8 65 50 37 55 38 76 41 66 86 5 
82 63 6 64 47 10 36 50 92 62 70 40 1 56 69 52 58 49 69 6 61 42 39 86 32 91 22 41 66 57 99 86 81 57 49 68 94 43 80 82 76 91 10 94 80 56 14 23 3 75 10 9 42 79 75 79 70 51 16 61 84 83 51 68 68 69 65 8 34 96 1 33 18 68 39 97 89 93 35 73 74 77 29 43 51 74 66 73 73 28 
77 68 89 97 47 0 16 86 76 92 84 10 10 26 26 91 9 57 25 36 98 83 3 35 94 70 34 27 66 83 10 2 73 63 79 2 29 37 72 94 83 72 66 60 63 94 39 69 12 27 42 77 22 85 3 77 45 16 20 7 17 14 3 53 19 40 93 55 52 17 81 39 82 45 81 23 49 45 37 66 35 38 81 3 95 75 9 67 1 72 
65 41 27 97 4 73 12 17 18 55 45 65 70 39 85 30 45 1 67 58 21 62 59 73 82 14 86 72 18 61 27 35 26 62 94 41 12 22 24 25 28 70 66 16 72 56 23 74 27 37 53 54 87 77 88 38 81 14 46 88 10 94 43 31 93 13 96 38 32 40 63 96 86 5 82 84 18 23 89 71 13 29 83 45 30 22 34 5 55 32 
23 1 16 60 84 26 52 70 16 40 35 63 61 46 48 71 41 38 81 28 7 24 97 49 38 90 2 43 41 64 50 12 1 77 37 49 68 94 5 14 94 90 90 30 1 32 18 29 24 1 24 7 53 74 65 53 41 98 80 91 8 56 63 93 9 61 32 15 5 33 33 29 7 17 45 59 85 76 91 46 82 10 96 48 63 87 11 34 93 44 
88 49 52 54 31 23 14 64 33 0 8 58 9 85 78 48 55 44 7 36 89 66 11 61 0 42 64 53 73 92 44 10 49 82 13 57 48 38 12 63 65 93 64 25 28 20 11 20 96 42 36 87 79 10 55 45 97 3 13 91 73 74 24 46 28 43 59 21 43 79 68 94 44 90 35 11 41 90 7 21 49 74 55 33 73 77 3 83 31 82 
54 4 21 92 84 20 0 38 25 34 9 86 5 16 29 55 35 70 66 6 57 26 18 50 61 62 59 12 58 95 89 2 31 14 63 58 1 77 74 16 60 12 72 14 87 18 57 0 77 28 97 76 65 4 46 91 63 54 41 14 8 84 39 93 71 37 9 1 65 81 73 69 56 67 42 47 50 96 40 97 9 12 32 9 47 91 41 41 87 86 
31 75 58 75 10 81 72 67 93 97 18 72 42 85 77 80 9 74 31 65 16 54 55 46 10 60 56 6 88 0 97 4 89 16 26 92 78 43 12 86 66 25 60 69 40 32 27 37 87 94 45 46 92 51 46 70 18 25 47 10 19 79 63 26 23 16 39 38 50 15 63 12 24 97 17 65 20 37 21 52 19 15 0 51 82 59 75 80 42 57 
52 95 29 96 43 75 77 40 50 54 27 49 75 75 18 14 47 27 6 50 84 76 4 14 77 23 26 80 70 96 57 8 51 0 79 77 10 87 40 83 57 32 88 49 14 30 98 39 29 1 33 93 72 42 96 90 86 31 25 40 43 75 11 88 9 98 24 48 96 90 26 86 83 11 10 83 73 1 87 96 95 52 97 56 93 60 90 88 90 23 
35 20 78 44 56 80 97 73 61 99 92 29 4 28 16 40 16 82 80 69 37 90 62 23 75 73 27 43 9 3 10 82 27 0 22 95 87 49 43 28 97 76 0 94 22 61 12 43 7 32 95 20 28 0 85 68 95 93 81 32 19 75 76 49 41 60 24 56 10 45 52 44 49 85 38 47 37 34 4 71 18 72 90 68 88 3 28 8 64 36 
48 50 43 85 99 24 70 32 76 91 56 80 71 9 60 51 11 11 3 66 63 61 6 49 8 7 1 2 48 26 30 34 56 13 49 21 7 62 38 84 54 4 5 40 8 46 95 74 87 6 85 61 90 73 18 44 34 55 3 1 48 15 30 23 44 97 1 21 48 36 80 4 9 84 41 56 59 72 1 22 17 28 80 48 39 26 91 86 36 24 
46 29 84 11 60 7 74 54 79 60 95 33 1 88 6 49 12 61 89 47 55 7 30 49 58 86 28 37 29 29 33 32 66 6 60 6 55 22 84 92 39 47 27 95 92 47 73 45 78 45 97 6 73 72 71 14 96 0 88 77 11 50 87 92 63 22 17 23 32 36 35 24 80 4 20 11 78 99 78 67 59 88 23 90 2 75 97 17 35 45 
36 3 25 85 92 93 33 91 46 71 90 80 55 81 28 50 99 24 10 58 41 7 28 20 12 87 18 18 91 28 89 42 95 63 96 82 73 97 20 25 27 37 78 88 75 87 34 18 3 92 1 66 1 22 3 40 75 92 82 91 11 18 32 78 33 37 72 64 26 46 48 91 64 70 11 98 12 62 75 51 76 0 58 73 35 18 69 33 16 90 
