31
59 82 25 60 8 2 51 80 94 62 58 72 30 11 79 44 58 75 69 38 28 8 63 63 74 74 95 5 37 32 12 
41 23 31 55 23 7 79 80 40 3 47 47 4 76 32 13 12 31 2 20 18 13 27 72 81 65 28 70 16 25 13 
71 99 62 21 32 97 46 40 72 37 5 66 72 8 16 86 92 88 33 3 24 59 55 22 9 70 19 45 54 41 81 
4 95 81 17 99 56 74 89 76 68 59 11 91 20 44 41 84 27 54 81 4 77 21 8 88 12 27 35 66 23 57 
44 90 42 36 35 11 83 90 96 92 87 40 70 82 84 60 39 22 91 23 70 19 95 0 75 66 92 40 45 72 59 
23 18 26 7 88 49 19 49 50 24 62 49 86 85 23 56 44 66 93 38 90 97 93 53 49 23 62 17 96 62 37 
84 10 75 1 2 44 30 52 61 12 95 25 10 93 37 81 92 76 29 40 90 41 86 23 89 63 38 40 8 56 38 
50 31 8 19 86 8 13 63 27 84 82 46 6 51 14 65 58 35 57 42 40 27 1 88 27 61 37 7 31 16 75 
8 51 64 45 25 77 16 87 47 42 38 43 57 8 75 17 42 4 6 66 16 84 15 37 20 34 62 85 54 87 17 
91 28 44 91 35 47 67 42 29 79 2 7 99 45 12 23 74 71 48 54 63 23 53 32 59 49 88 63 22 59 69 
32 98 8 65 55 92 52 59 10 88 34 75 91 78 56 48 85 16 65 63 8 68 15 65 17 28 44 13 50 65 62 
40 60 56 77 37 89 74 60 98 93 4 53 56 81 20 4 43 35 12 8 59 71 17 44 83 78 95 84 88 69 92 
6 8 1 26 5 50 1 79 76 59 86 92 72 83 82 30 71 6 72 2 87 81 97 27 6 48 32 13 89 3 97 
29 41 2 23 76 60 18 39 98 70 62 61 85 10 47 34 31 2 24 57 61 26 53 40 8 22 55 38 78 41 97 
74 34 78 42 43 46 49 67 67 87 47 16 51 31 39 63 12 14 2 22 85 78 18 35 26 46 90 17 68 77 42 
41 11 21 69 39 24 7 77 95 32 70 75 8 47 5 24 89 6 5 89 91 88 0 15 43 71 84 55 88 27 47 
4 16 13 65 55 33 2 36 56 27 55 60 86 75 53 48 89 31 78 15 93 39 74 48 80 68 29 78 1 27 93 
8 84 11 72 58 10 76 93 36 57 20 32 40 4 4 37 87 45 86 13 53 61 99 56 46 34 60 86 40 0 11 
41 76 45 32 80 53 23 53 98 28 16 64 23 85 30 31 88 3 25 34 39 49 60 62 1 74 64 53 27 6 25 
3 44 38 12 28 61 36 30 12 4 32 98 28 19 93 14 57 25 76 36 35 31 65 96 17 81 91 27 25 64 61 
2 52 79 74 4 75 62 13 55 83 87 60 46 87 74 83 85 73 12 22 7 73 7 64 4 14 44 57 78 34 29 
63 44 13 35 34 62 81 41 7 34 41 64 15 41 19 66 80 55 48 22 68 81 64 33 85 23 52 39 10 29 89 
65 90 80 86 68 32 62 42 80 22 31 11 86 2 75 27 35 54 5 61 13 11 59 44 90 18 7 61 93 20 86 
54 61 81 36 92 4 4 51 77 11 70 91 47 73 80 43 2 99 46 9 25 48 66 0 69 89 35 79 17 58 40 
63 37 57 0 41 50 33 43 42 72 88 75 36 0 13 34 5 58 84 49 73 87 64 46 45 78 52 10 63 84 71 
61 36 94 53 44 32 93 86 85 18 74 25 18 43 51 95 96 71 77 48 78 11 67 19 39 77 81 37 9 91 39 
55 48 18 97 53 27 3 60 63 66 7 10 59 25 25 83 38 65 82 25 53 93 5 81 8 61 93 68 33 30 18 
98 54 21 12 54 32 3 96 87 89 53 51 33 46 50 24 77 30 54 40 56 43 58 25 3 63 99 52 16 56 75 
14 88 52 87 11 25 19 18 61 7 19 91 43 0 98 28 86 92 96 63 77 91 76 22 45 54 36 49 55 86 89 
59 10 97 78 3 47 69 38 58 60 31 89 88 45 37 10 99 73 21 27 87 8 34 34 43 91 40 40 81 82 84 
58 38 46 74 47 97 7 28 49 2 96 48 99 11 81 61 96 91 23 74 7 7 90 81 14 87 49 12 6 41 64 
