41
14 89 97 35 85 93 25 99 62 87 78 80 4 91 83 73 81 67 53 57 90 2 22 19 94 8 34 82 9 39 53 71 51 89 59 36 64 94 96 43 55 
89 37 84 3 35 29 3 16 0 93 68 10 50 74 46 64 48 51 14 40 76 83 50 67 58 94 52 66 30 70 49 46 73 74 28 17 47 65 20 98 67 
4 32 79 16 1 36 75 89 21 61 2 45 91 42 57 41 71 44 50 15 85 46 5 55 73 22 35 5 44 56 12 98 63 37 12 40 29 95 98 50 91 
42 37 21 27 79 80 21 69 92 69 99 13 28 83 92 79 4 68 87 78 12 98 41 97 9 10 98 8 63 99 87 90 82 5 51 59 5 58 23 44 52 
75 43 48 69 60 39 19 70 65 3 35 62 0 15 26 70 16 82 83 54 77 25 96 36 19 40 69 81 50 50 32 11 79 64 0 84 60 24 54 34 69 
11 98 11 15 92 67 68 83 39 73 17 36 43 67 9 91 13 27 13 75 27 70 50 41 40 82 93 39 88 98 26 25 8 20 48 53 33 30 80 38 87 
64 41 28 2 39 29 52 68 78 67 19 65 33 21 66 4 2 24 40 67 33 82 92 46 41 48 39 97 57 6 70 4 70 65 89 73 18 72 11 34 14 
62 33 48 49 11 82 40 52 65 73 60 86 20 87 25 65 43 86 56 28 66 51 64 44 29 55 5 30 69 51 91 39 10 73 17 51 29 60 51 51 53 
61 79 34 94 58 65 31 25 28 47 69 39 24 89 66 29 10 13 86 45 60 50 72 59 75 55 5 91 41 11 89 39 8 40 11 48 12 38 5 75 10 
70 86 86 45 48 36 45 70 33 70 23 0 65 22 90 71 82 73 60 32 71 8 50 91 36 59 47 85 55 77 63 85 63 31 83 79 73 29 21 91 50 
75 0 56 23 13 49 93 59 91 49 66 86 56 4 64 87 38 55 38 98 44 39 83 92 58 25 45 28 66 90 33 59 28 64 35 39 45 38 69 22 61 
61 42 26 75 25 0 92 34 80 51 10 81 42 30 61 17 45 32 89 3 87 68 36 17 62 74 31 13 4 59 57 81 69 57 85 31 27 75 7 85 37 
67 66 46 31 20 77 71 58 44 64 60 44 64 94 79 11 28 81 11 19 75 42 34 9 94 36 77 87 1 56 38 63 54 27 93 65 75 96 52 17 80 
56 44 9 22 96 72 27 95 43 77 63 89 29 9 13 82 75 81 26 66 84 82 50 29 70 7 33 81 75 65 90 93 87 17 66 60 15 46 77 11 83 
40 60 97 89 33 80 17 14 71 67 43 87 15 93 16 73 80 80 52 1 1 53 66 28 73 23 67 30 85 54 21 50 59 7 95 54 82 63 57 25 78 
2 22 36 27 89 30 13 87 63 11 19 64 49 0 86 33 93 19 90 67 38 32 12 44 39 71 29 20 97 33 56 84 55 16 87 34 57 68 54 58 65 
17 4 50 74 90 98 68 2 33 66 94 56 9 97 49 31 18 81 92 99 79 79 3 38 85 9 2 18 1 32 43 2 44 12 44 82 65 88 56 44 47 
42 70 5 48 45 71 97 42 67 12 61 19 42 92 7 30 73 9 88 62 6 46 14 63 44 21 31 36 69 67 98 6 15 69 9 96 91 30 25 64 26 
51 66 39 48 26 3 1 59 58 26 74 50 29 61 22 79 61 94 44 67 66 48 3 44 1 75 6 37 61 53 4 62 66 28 56 7 7 9 44 4 1 
58 46 95 75 67 85 14 73 86 60 87 21 86 12 42 1 20 9 14 30 82 11 8 87 76 24 49 45 80 45 31 63 37 98 76 71 81 67 40 12 12 
49 0 23 81 71 60 33 68 9 29 15 89 19 55 29 17 99 67 65 98 66 69 15 10 48 79 46 65 22 53 46 36 34 84 70 51 70 34 62 22 23 
3 5 61 65 80 92 61 60 21 86 87 85 57 61 35 91 34 44 25 37 78 31 97 56 6 16 10 95 17 26 59 91 53 23 42 74 22 5 56 68 20 
34 57 64 84 10 73 77 26 80 44 64 2 40 84 63 89 86 1 92 16 12 59 44 93 19 4 44 85 58 80 34 54 67 33 41 57 85 43 90 79 48 
62 71 90 68 33 70 19 35 8 71 16 93 41 35 52 15 11 73 70 70 75 43 83 38 16 34 68 82 74 75 69 10 76 90 89 79 84 9 2 1 67 
35 24 39 98 87 10 0 79 63 68 42 10 62 9 75 17 70 78 49 38 64 12 31 24 57 87 78 64 53 51 90 31 99 32 93 25 81 23 58 25 32 
68 72 20 12 83 38 64 84 10 51 22 0 84 82 32 12 1 16 33 70 63 47 58 49 57 99 3 85 98 0 87 38 53 67 82 96 33 54 17 94 0 
95 47 52 57 37 10 11 62 5 9 19 52 16 46 8 50 78 36 70 49 80 75 79 68 79 20 7 14 24 76 87 13 61 1 51 18 90 56 58 91 73 
93 93 59 96 78 20 80 72 20 0 43 68 12 98 19 28 33 53 12 8 42 23 13 37 35 93 13 50 94 30 63 57 76 91 88 69 34 32 42 56 86 
28 27 49 10 38 5 83 26 81 41 26 57 81 98 0 74 76 8 45 94 61 79 20 60 22 78 29 2 46 36 71 67 49 59 87 2 57 75 15 82 51 
90 58 11 51 46 53 34 93 1 67 21 76 94 18 2 73 23 45 2 9 71 11 38 84 17 13 90 98 60 37 63 48 3 31 35 4 65 72 2 23 70 
35 48 75 84 44 62 81 34 4 23 41 34 87 44 93 46 76 12 21 45 39 95 24 17 78 85 44 14 50 39 28 40 62 57 15 58 92 87 17 34 60 
7 34 50 95 65 27 50 16 11 65 12 83 30 54 30 71 85 63 21 90 25 20 43 28 26 6 3 92 98 58 89 91 56 96 38 19 61 31 57 53 43 
64 68 29 41 66 82 78 7 29 27 64 83 80 75 53 70 85 31 36 11 31 61 86 37 75 19 72 87 4 55 55 76 73 90 63 36 86 67 6 48 94 
71 20 6 55 64 40 29 33 11 78 57 53 7 73 54 7 72 85 68 26 20 5 66 64 65 35 83 83 92 4 15 2 62 79 50 30 22 19 80 88 90 
36 93 76 43 72 19 12 81 83 87 43 32 17 49 93 2 20 73 15 29 0 79 61 23 60 34 77 29 80 17 19 69 2 50 43 58 6 41 58 39 92 
97 20 83 80 42 68 16 54 7 62 25 58 10 83 42 35 63 63 72 48 30 99 99 18 90 86 50 36 18 73 45 14 2 88 64 21 8 33 51 86 25 
39 37 74 36 88 92 5 44 4 37 82 74 18 97 62 90 2 91 90 48 25 99 56 29 28 13 35 55 32 36 59 94 35 82 67 95 52 40 17 39 21 
58 44 65 30 70 85 73 51 87 16 26 98 98 39 99 39 60 77 63 65 50 9 63 42 6 94 56 88 43 91 2 94 93 76 55 50 10 67 93 92 13 
5 76 89 21 58 56 87 66 92 72 76 93 88 7 38 78 27 60 90 28 47 49 54 92 31 20 61 70 73 99 54 16 3 30 0 21 69 83 56 43 96 
38 97 58 57 87 58 6 22 78 7 63 42 37 90 64 5 61 29 69 78 50 12 86 64 61 4 21 88 73 67 64 29 98 52 9 7 11 96 54 50 50 
27 53 47 42 41 53 85 28 36 12 46 20 30 17 93 79 1 82 4 10 91 67 30 66 38 64 38 2 68 62 64 80 39 82 94 60 0 7 4 31 20 
