34
77 61 7 86 67 19 66 44 7 75 4 77 47 72 32 74 15 16 60 28 91 27 54 37 38 63 14 26 49 46 78 95 96 95 
5 63 3 48 69 35 50 4 48 7 19 33 83 15 60 12 22 65 70 22 40 61 79 0 46 25 9 23 39 35 32 23 68 64 
46 65 51 24 79 70 26 64 27 63 76 80 80 76 31 95 37 94 78 20 37 30 75 63 15 51 34 73 30 7 28 72 80 54 
42 91 51 84 62 3 23 46 8 36 1 3 8 63 86 81 68 60 29 63 28 35 98 94 57 80 10 46 86 61 32 90 95 32 
83 31 93 94 22 10 20 35 26 29 87 44 98 9 93 36 13 10 93 42 90 76 5 47 20 49 85 92 90 71 82 68 9 17 
78 90 25 78 61 45 34 83 50 31 60 71 90 68 38 53 7 88 92 72 74 73 13 10 41 0 75 44 7 69 2 90 85 82 
0 36 22 30 83 4 81 36 6 43 91 64 85 44 72 36 92 52 63 51 35 40 62 99 75 24 9 49 31 49 18 87 85 27 
14 42 36 33 10 95 60 37 56 80 88 67 70 47 5 94 54 54 67 92 57 18 17 28 73 79 66 86 18 29 39 10 56 6 
85 1 63 63 83 33 1 8 1 39 17 93 24 4 49 47 14 62 65 84 34 73 79 87 81 30 76 44 28 30 25 8 82 16 
55 8 18 27 45 13 74 8 7 89 28 12 93 45 50 20 50 10 69 37 15 5 54 40 60 87 24 20 49 50 7 75 63 36 
6 2 25 82 41 57 46 4 53 60 45 20 96 16 29 92 75 65 80 6 3 32 78 75 96 10 67 35 8 85 37 77 35 32 
21 31 52 94 77 97 77 30 95 76 57 14 57 53 3 61 44 8 22 39 55 51 48 93 4 71 73 19 95 43 68 11 25 24 
41 55 5 78 49 11 69 93 51 16 94 62 98 85 53 93 25 5 62 0 63 93 25 23 18 8 61 52 1 77 12 93 75 41 
92 33 16 55 32 75 0 9 4 83 55 33 39 55 67 28 96 54 29 62 24 13 19 29 57 70 7 0 31 74 17 12 20 38 
64 62 32 35 22 22 96 99 59 21 80 16 11 58 15 64 95 68 53 87 4 92 33 22 94 33 46 4 13 15 61 90 65 15 
44 68 3 61 21 83 29 64 94 11 71 71 77 35 37 91 62 60 29 60 68 79 9 56 1 10 66 34 29 13 48 12 6 53 
78 62 15 83 38 96 23 1 98 42 81 27 2 50 49 39 34 50 62 90 69 85 44 31 32 18 34 91 12 96 32 84 18 20 
31 94 93 75 61 96 12 75 4 55 39 23 55 83 19 60 28 62 57 88 14 85 66 10 55 15 74 78 3 29 97 75 83 13 
31 58 36 18 0 59 65 76 23 4 84 65 52 42 77 85 22 65 36 92 78 78 85 78 94 60 71 42 54 88 21 24 52 98 
10 9 24 65 8 98 47 35 11 54 50 11 45 89 91 16 42 10 3 43 26 59 55 8 71 72 36 78 21 54 87 41 85 91 
51 74 21 44 90 74 10 23 39 59 49 10 17 40 80 32 21 8 28 71 17 19 28 84 5 69 89 32 60 76 66 11 21 41 
33 99 93 58 71 82 40 83 20 34 7 23 25 51 88 26 62 2 5 17 2 1 40 78 15 46 65 71 25 2 66 42 34 87 
47 95 51 1 33 50 90 90 74 39 51 50 76 72 77 96 83 94 25 71 25 16 67 71 83 6 46 14 50 22 83 31 53 61 
6 95 95 48 39 49 33 70 20 93 73 58 20 52 82 86 93 18 36 52 75 80 12 53 0 72 49 0 29 76 98 48 91 97 
68 30 4 89 9 50 32 92 79 65 27 58 35 37 45 98 61 1 41 88 24 99 97 49 27 37 30 10 83 32 15 1 50 60 
40 75 42 16 97 63 78 85 62 80 69 15 34 95 11 52 96 76 2 14 99 56 52 16 77 8 40 41 51 92 19 80 51 27 
7 20 89 2 10 52 46 48 85 32 44 30 8 24 16 92 15 60 26 77 68 85 78 39 88 98 52 95 76 96 25 76 72 22 
62 62 95 92 26 95 50 51 51 98 43 45 78 88 66 3 28 36 99 53 78 70 75 37 33 57 74 24 79 27 38 86 30 2 
17 37 38 92 9 38 79 19 80 68 53 35 16 13 23 29 61 3 56 59 22 88 36 98 51 11 60 83 53 32 85 74 80 22 
59 88 5 75 51 89 48 52 69 14 12 59 36 89 63 56 0 71 97 60 35 6 89 65 64 61 4 99 41 98 5 55 43 35 
95 59 80 20 21 94 51 0 87 58 87 2 55 59 6 9 75 66 12 89 31 55 56 57 99 5 92 10 38 1 68 32 14 38 
58 20 88 64 17 67 93 96 20 66 70 24 75 87 57 60 67 76 40 28 59 75 72 76 95 54 24 91 46 8 3 77 33 54 
13 97 69 12 13 78 46 8 16 80 50 50 18 19 26 65 42 45 41 94 16 30 14 55 87 66 91 51 38 78 84 64 36 43 
31 54 39 35 23 28 6 78 75 13 79 31 43 98 16 77 19 43 1 5 57 19 8 25 81 40 94 29 44 68 57 98 33 95 
