97
50 13 46 60 29 38 73 11 80 75 29 71 88 18 96 13 44 65 26 25 40 90 10 21 50 44 47 36 44 3 42 27 90 52 87 42 85 46 67 75 66 9 70 41 61 2 82 30 98 86 86 1 81 43 9 48 10 5 31 71 48 18 63 75 47 7 87 2 61 76 21 94 22 63 23 25 36 52 85 81 82 16 32 86 89 44 2 81 14 1 90 14 47 26 62 74 92 
46 15 7 34 25 38 42 6 5 32 48 45 90 5 73 16 79 98 21 64 53 45 12 56 95 66 82 74 67 88 60 93 31 10 22 43 95 60 54 60 68 29 62 19 15 46 62 85 16 3 41 89 73 42 14 65 67 62 42 0 61 68 93 1 17 72 79 73 11 85 78 42 19 87 74 38 47 96 76 63 3 96 52 52 42 88 22 70 14 7 23 22 47 76 38 62 49 
74 70 7 9 29 63 5 7 57 17 51 97 34 64 79 43 47 91 27 18 40 15 93 3 19 65 59 59 30 1 47 97 39 54 58 29 30 19 54 27 96 79 34 23 89 36 22 96 99 85 19 74 62 47 16 39 65 16 4 15 31 76 72 1 7 39 34 18 66 32 75 3 82 67 82 95 41 2 78 78 32 19 98 87 46 58 65 97 29 99 65 97 23 86 85 63 30 
23 30 38 42 36 74 56 85 86 60 14 70 45 60 2 71 41 68 47 96 50 14 6 95 30 41 95 81 27 82 6 25 56 54 32 94 45 22 89 8 63 51 8 83 25 45 84 98 58 40 43 11 0 57 0 44 71 44 86 11 23 3 31 63 26 79 83 94 98 42 35 32 12 32 33 17 46 7 87 92 3 83 31 72 25 12 78 71 8 7 74 79 18 52 4 12 55 
29 20 69 3 40 45 47 54 42 89 48 93 96 91 94 28 36 34 19 32 78 70 76 78 42 83 18 1 41 13 89 21 87 80 97 49 46 95 35 0 86 48 20 64 51 97 90 40 40 58 31 77 22 72 32 84 64 93 48 26 66 73 61 88 89 65 48 70 18 94 20 0 76 6 57 41 43 48 71 60 83 90 70 60 50 80 46 87 38 79 76 67 11 28 88 18 53 
40 94 32 51 5 84 31 42 75 26 67 90 48 53 20 72 89 50 29 65 47 74 39 95 63 75 35 20 83 26 85 72 93 45 54 81 49 53 5 19 22 88 34 10 38 36 23 11 85 32 69 79 40 93 11 39 92 9 78 53 37 92 73 8 44 63 56 27 57 98 37 69 37 43 82 69 69 29 6 9 56 4 34 79 60 73 96 0 93 26 24 18 54 89 32 97 85 
38 18 11 85 47 16 28 90 19 87 62 98 31 69 33 63 9 94 59 30 48 6 87 15 30 18 28 79 41 0 90 83 27 88 48 58 17 21 21 87 67 34 44 8 11 91 68 71 89 8 42 79 6 0 51 27 48 74 85 35 37 5 32 0 49 47 54 23 63 33 20 50 25 21 89 15 95 25 94 70 62 4 52 98 61 7 25 51 77 22 90 79 31 29 63 6 99 
93 89 97 81 8 28 96 51 74 40 0 73 23 74 89 9 54 13 3 95 35 80 84 37 13 35 30 57 77 37 7 68 28 33 15 4 82 74 97 86 40 61 71 32 36 29 4 1 42 77 63 99 51 22 74 96 71 17 61 51 48 57 85 1 59 2 70 79 90 57 89 61 11 4 2 65 13 58 90 4 37 16 17 10 76 95 37 94 0 22 55 35 28 1 77 14 90 
76 56 86 36 9 8 62 12 45 7 99 57 98 25 36 42 74 90 7 94 20 89 10 44 4 80 51 98 93 92 42 50 95 12 9 46 76 70 67 1 76 34 86 33 68 24 78 20 11 77 22 48 44 69 17 52 69 85 75 22 66 96 35 61 47 51 37 82 43 86 89 84 73 50 34 85 25 30 38 37 51 74 27 51 32 27 59 86 59 57 9 27 32 90 71 68 76 
0 57 13 93 78 75 55 68 87 96 57 44 5 3 73 10 38 99 34 64 81 55 96 40 40 23 42 98 26 87 32 94 88 93 62 95 8 71 76 89 98 87 24 50 39 67 58 32 84 24 94 67 21 55 33 82 39 16 58 60 31 11 28 57 65 81 34 44 30 3 62 68 98 67 71 38 37 64 29 14 25 24 63 62 21 53 77 63 66 68 48 19 47 18 0 78 42 
34 5 26 94 92 29 53 28 60 37 89 35 11 63 30 76 51 21 96 86 98 5 41 15 80 24 87 69 46 36 79 60 55 54 57 69 22 14 44 19 27 52 30 49 43 67 5 25 72 51 89 65 82 75 14 20 87 86 63 48 17 85 77 22 85 54 2 83 41 11 41 99 75 45 22 91 42 61 15 5 83 66 7 8 52 5 56 93 25 65 0 94 31 49 88 57 90 
41 64 16 12 58 56 25 24 95 65 69 82 1 65 35 96 53 3 76 18 1 18 57 10 14 85 89 70 66 37 96 92 66 80 72 5 6 85 88 23 96 70 79 16 15 21 64 55 54 0 0 34 45 67 88 71 32 75 62 57 75 26 83 98 58 38 47 38 43 5 13 99 69 45 45 56 71 36 83 81 42 19 50 49 84 53 23 55 92 81 61 91 68 16 59 49 25 
89 25 59 89 62 71 68 89 7 10 14 94 75 85 93 84 59 85 18 15 91 33 18 54 64 98 29 9 0 95 83 58 37 77 18 96 61 74 31 17 44 56 45 79 16 1 12 78 30 20 19 32 85 11 13 29 83 81 50 18 52 40 82 98 80 33 37 33 34 19 74 77 71 37 74 5 41 35 48 1 24 53 58 24 59 36 43 78 39 70 60 7 82 45 46 33 11 
7 81 54 90 25 23 96 73 90 93 42 0 64 91 8 50 58 60 12 41 96 60 57 0 77 29 69 32 98 73 42 40 45 54 21 75 81 74 7 93 8 94 6 67 47 21 64 91 73 97 11 98 20 4 10 93 45 74 43 8 16 81 26 19 29 8 53 3 2 89 94 15 37 56 99 84 44 44 17 4 4 24 25 20 51 64 96 86 52 23 21 36 98 57 80 23 4 
38 22 40 32 30 48 33 94 89 22 9 52 70 43 13 96 79 54 2 6 75 15 56 52 72 67 62 81 14 70 65 2 18 36 8 64 0 87 72 47 71 52 1 30 50 53 49 5 80 6 92 72 13 41 63 3 73 13 29 32 19 18 32 55 86 19 5 89 19 64 91 75 78 40 3 71 52 7 8 67 36 50 30 66 15 56 34 67 13 79 32 99 84 68 37 87 23 
24 41 76 0 98 80 44 92 38 89 94 77 51 31 66 66 36 84 6 20 76 53 1 41 38 77 63 25 69 24 58 72 30 74 88 78 55 59 41 19 38 62 28 16 43 54 62 12 6 55 47 28 99 45 77 57 65 39 59 34 45 75 87 6 49 34 69 33 75 13 1 93 96 53 88 41 75 36 58 72 15 57 50 7 31 86 39 16 51 82 40 80 32 13 68 30 49 
36 12 10 67 61 38 4 9 68 66 60 77 66 28 35 95 35 93 66 32 31 71 12 42 49 97 90 25 76 68 42 38 79 4 76 63 36 94 4 71 66 43 14 39 27 94 17 91 1 20 88 48 1 37 79 6 98 58 1 37 68 22 26 28 45 10 47 7 38 66 31 16 51 86 50 61 56 94 62 69 91 38 57 65 67 61 14 33 92 8 67 91 86 67 96 88 17 
69 95 18 90 47 55 51 91 87 9 1 56 70 45 10 62 7 34 87 82 18 60 88 55 34 90 64 30 48 74 28 58 38 97 13 92 91 73 40 2 39 61 29 0 35 79 83 56 12 85 87 45 94 43 72 43 97 66 40 43 35 77 62 70 0 0 8 53 47 93 91 63 26 56 13 43 61 36 79 46 80 76 65 33 31 37 32 52 12 33 3 18 69 33 1 40 11 
68 58 21 7 27 16 32 35 61 47 70 52 68 98 61 51 35 73 26 11 23 52 58 20 17 80 86 86 58 41 72 16 86 32 63 34 82 32 0 18 69 57 5 84 82 84 75 18 0 74 91 8 81 76 45 60 49 40 99 45 47 10 74 58 92 50 76 94 52 46 11 15 34 51 63 25 32 74 33 85 61 53 28 31 75 68 1 48 97 38 63 92 5 9 14 5 44 
19 47 34 59 1 46 91 98 2 52 26 60 26 12 34 70 54 18 8 16 52 26 37 62 59 11 54 20 4 88 10 86 44 9 41 91 11 87 34 37 22 21 53 91 86 38 71 1 36 12 79 81 37 84 86 47 55 78 26 76 53 96 45 0 64 25 17 54 0 99 3 69 19 6 25 40 17 45 84 44 88 47 0 42 26 79 75 80 97 97 2 72 11 46 76 32 28 
28 28 50 70 18 6 88 92 86 89 25 62 7 56 18 25 51 99 15 59 79 21 62 10 31 80 18 46 10 57 33 44 57 63 80 82 44 15 61 66 65 74 84 92 98 11 83 92 59 39 15 96 93 31 83 14 10 26 96 78 48 4 28 12 9 30 28 85 9 15 17 9 32 65 50 12 16 26 88 97 28 2 84 65 79 58 41 76 18 62 91 19 4 0 96 87 76 
45 14 70 58 38 62 32 43 40 79 75 15 92 40 44 73 11 12 18 30 73 40 81 72 41 38 42 50 85 89 26 76 24 25 97 17 35 66 48 13 76 38 38 74 10 71 4 87 65 88 4 38 97 46 41 11 67 99 6 6 60 59 60 68 15 67 50 7 30 89 84 15 73 57 76 20 43 33 41 77 93 67 33 16 17 13 71 56 60 36 50 77 36 67 50 34 18 
50 41 12 60 17 13 56 3 66 49 75 95 79 21 56 47 79 67 62 29 25 32 31 88 30 4 45 54 51 20 62 13 43 18 77 8 8 47 29 5 57 25 66 95 72 58 87 72 18 9 97 94 96 20 75 62 57 4 27 85 86 81 78 75 53 70 64 54 21 33 33 21 52 40 25 2 52 73 27 58 41 51 10 15 48 54 49 52 68 88 7 57 41 19 47 34 34 
8 3 35 76 77 77 50 70 86 12 29 0 81 87 26 76 93 43 1 0 55 20 53 25 49 66 71 34 79 55 76 12 67 28 10 42 64 93 31 46 80 62 35 23 19 92 7 90 0 18 91 64 43 88 24 58 96 90 78 84 76 90 2 52 45 73 0 94 57 83 58 21 36 13 24 97 31 37 75 81 86 29 1 73 13 42 90 36 48 36 7 15 24 47 20 33 38 
96 16 68 30 46 57 79 64 56 73 10 84 11 97 19 49 34 12 53 30 2 56 78 21 21 53 44 67 15 75 1 60 75 75 73 52 0 1 43 91 19 65 91 87 22 32 61 16 67 47 95 54 59 28 46 51 99 56 29 75 1 49 10 88 16 96 88 42 73 50 27 93 62 49 3 36 21 98 18 43 50 7 0 28 94 15 50 66 44 57 61 26 58 30 29 23 85 
79 53 25 66 52 89 51 25 16 98 79 36 77 52 30 62 55 30 57 14 17 27 34 54 75 93 13 89 40 14 12 17 93 12 61 91 3 50 27 28 18 37 39 64 54 9 50 70 31 40 52 20 14 85 68 59 23 91 43 67 50 77 67 35 57 54 73 83 39 69 71 59 4 3 24 61 86 90 9 20 48 6 98 56 73 71 2 57 4 94 13 71 48 65 28 53 47 
26 6 31 92 12 1 38 61 96 88 90 99 75 9 23 45 97 47 45 64 51 74 90 71 62 51 82 89 15 63 26 12 20 68 46 1 93 23 57 74 64 12 24 30 3 21 75 71 75 35 19 2 19 43 25 86 87 16 68 63 95 89 6 48 96 74 80 8 9 13 97 18 72 15 54 83 28 17 47 49 3 29 63 78 8 89 93 0 78 1 60 72 53 4 24 69 83 
57 47 23 92 37 20 38 39 15 53 33 76 13 77 95 26 46 36 38 46 13 64 98 70 85 62 93 9 58 94 25 96 85 84 24 58 96 87 81 85 33 88 6 68 53 28 82 62 81 75 92 48 77 1 3 52 14 75 98 6 18 87 32 47 93 30 17 70 43 14 3 95 33 4 41 67 94 40 5 18 95 40 57 11 23 12 28 66 42 87 96 5 36 15 49 81 74 
71 51 1 92 86 45 71 62 32 77 15 90 61 37 2 84 90 53 3 42 4 31 38 41 29 53 34 68 54 56 73 48 67 70 11 33 9 58 71 37 97 48 6 99 59 93 78 8 2 28 28 30 39 31 16 0 1 69 77 14 72 34 87 10 11 82 20 49 40 74 79 62 26 72 1 88 70 82 59 18 23 18 14 39 76 21 86 91 17 42 81 43 85 6 27 25 90 
63 51 84 48 66 65 48 64 54 76 49 30 63 44 39 1 3 72 9 7 44 26 78 62 79 99 22 81 57 94 13 37 29 62 71 71 85 75 76 11 10 19 34 83 96 46 34 22 3 60 92 80 1 3 4 70 40 35 86 20 34 3 1 44 92 59 44 6 28 57 97 18 65 89 84 37 94 47 88 3 2 83 77 3 7 9 58 69 12 1 5 42 93 90 42 70 27 
35 81 66 86 73 33 53 49 99 21 80 68 73 77 3 67 52 35 8 38 77 12 90 28 1 3 11 67 92 95 91 0 41 21 5 56 89 69 61 10 49 7 8 74 27 44 39 12 62 26 75 55 46 17 58 29 90 58 63 71 8 6 56 61 3 56 1 77 12 80 26 78 83 53 1 9 90 26 30 87 40 30 72 61 68 90 69 77 21 71 95 14 30 13 37 88 43 
54 73 57 50 12 91 84 44 87 24 48 37 15 70 13 23 27 27 20 35 74 73 1 90 63 49 63 70 8 33 87 10 59 68 65 12 50 93 39 62 89 63 32 24 98 91 58 79 9 20 41 8 86 49 65 37 25 42 70 93 20 65 71 72 76 40 76 37 85 87 81 35 24 43 64 39 8 34 47 80 93 99 40 54 90 99 33 93 61 54 20 46 85 28 80 52 55 
75 3 73 15 77 48 88 42 36 29 7 65 54 6 13 61 49 87 61 53 67 81 35 35 78 17 9 63 35 2 35 54 87 17 16 49 73 10 80 85 39 94 79 76 84 59 31 3 80 33 74 33 34 69 75 55 56 3 75 85 9 93 69 64 43 70 7 94 16 89 89 92 46 23 31 26 4 52 66 90 85 3 52 43 48 72 73 65 85 28 99 32 39 61 82 33 55 
3 1 96 49 62 97 39 50 69 15 27 73 12 54 42 0 39 95 6 60 96 69 14 78 24 97 19 4 73 98 45 70 83 18 16 2 57 45 54 28 35 0 2 36 55 47 84 90 5 52 76 54 7 2 89 57 54 49 39 81 55 64 48 62 67 95 5 71 50 1 69 46 66 9 44 56 80 24 42 37 27 33 98 48 79 49 93 24 58 0 76 25 41 86 39 74 6 
51 12 69 33 32 16 38 1 74 89 13 1 26 90 58 60 28 55 19 66 30 60 81 65 25 17 9 29 10 97 54 0 98 53 3 86 4 36 50 64 76 24 49 0 77 10 22 41 41 28 37 33 97 70 42 14 80 44 64 37 21 69 70 34 96 99 98 0 75 96 96 12 74 66 37 62 1 24 43 16 62 57 74 24 57 9 53 89 30 70 11 94 50 17 38 63 18 
39 26 61 26 60 22 16 64 15 7 43 17 91 75 93 57 13 25 35 0 90 84 15 5 2 94 24 22 57 38 36 75 97 42 91 20 88 70 13 62 82 79 27 6 12 88 79 69 25 99 62 16 38 1 47 35 98 24 63 78 95 2 4 51 80 70 48 19 60 67 26 77 88 65 82 96 61 40 42 54 57 23 69 86 64 38 50 60 58 41 11 40 48 30 47 7 89 
99 30 9 96 40 15 80 40 23 32 7 67 73 58 89 40 22 28 89 92 18 11 18 16 63 48 44 69 86 46 22 4 89 42 95 9 39 41 67 92 36 97 35 27 81 92 33 75 64 19 55 62 64 79 27 78 3 30 20 65 58 0 20 16 11 8 65 73 59 67 95 53 30 97 27 68 22 76 86 26 4 17 62 74 58 5 14 61 51 72 86 96 66 34 37 66 70 
8 38 58 75 10 39 54 25 59 0 86 10 65 61 68 34 80 91 69 99 1 60 96 51 84 91 94 78 95 58 10 61 2 64 11 89 93 7 5 42 49 18 1 20 35 13 2 59 70 78 53 47 4 84 88 18 4 15 51 58 95 6 79 41 30 1 8 76 96 71 63 56 65 85 10 47 71 66 20 18 36 66 0 74 45 42 5 77 46 89 59 51 91 49 54 1 60 
34 54 48 44 76 83 80 37 65 23 49 92 84 21 60 22 8 49 52 97 82 94 63 80 55 55 75 63 12 47 46 39 35 3 13 12 97 87 6 47 65 66 25 94 48 90 41 40 21 96 40 7 29 60 13 83 79 6 7 65 93 9 75 65 47 77 7 57 66 64 37 64 86 25 87 74 65 31 40 18 86 53 20 67 6 95 22 19 50 56 96 7 58 61 29 96 23 
95 78 14 88 37 14 36 4 86 26 96 87 51 90 64 54 60 15 66 33 86 63 88 0 29 80 73 11 35 67 37 99 17 18 80 81 68 72 95 50 64 56 58 23 3 22 50 0 6 21 79 94 70 60 22 0 81 12 90 19 30 86 25 87 95 23 2 24 62 84 37 34 68 60 78 43 90 41 16 19 70 22 50 46 6 88 69 59 40 89 30 97 47 6 18 79 73 
89 56 82 26 41 50 62 12 6 16 37 62 46 41 96 35 58 84 92 68 7 5 30 83 69 14 56 33 82 89 30 15 88 87 93 81 19 69 43 6 30 59 73 80 94 99 43 39 78 21 48 78 10 61 62 72 58 1 1 9 74 50 73 70 32 26 15 55 80 36 1 4 32 67 81 83 12 4 63 10 44 84 27 24 89 87 90 33 78 60 50 35 11 45 28 61 57 
77 91 51 58 73 67 72 28 9 67 5 33 62 50 66 45 25 48 83 39 37 76 61 67 6 58 23 9 90 99 80 67 85 90 46 41 30 78 65 82 12 50 7 48 59 98 0 25 53 95 95 28 33 22 88 91 55 41 60 99 84 54 79 18 17 46 40 74 77 11 76 34 57 47 4 34 40 0 17 44 43 24 60 38 97 30 94 96 88 32 91 69 13 48 2 39 18 
82 20 8 27 59 87 60 95 73 10 30 57 59 8 42 35 72 45 38 70 68 48 84 84 74 75 41 27 30 81 84 95 34 55 36 68 17 63 33 94 12 74 49 70 93 37 48 66 86 3 74 4 6 52 61 83 87 69 64 48 40 29 58 21 51 97 10 44 92 25 99 63 64 39 55 35 80 4 80 39 70 5 78 67 22 52 62 94 27 9 69 26 90 68 90 59 48 
37 93 35 11 12 31 9 14 39 91 4 77 73 43 79 41 72 65 99 73 83 63 29 43 31 57 54 87 36 78 61 49 60 5 97 91 0 33 68 8 63 45 52 20 32 86 13 17 44 96 64 59 73 7 63 82 90 23 40 44 28 31 44 66 30 99 26 83 45 9 21 37 74 82 57 80 6 19 5 85 81 58 9 44 22 16 96 76 23 0 36 25 72 70 31 24 10 
27 81 65 75 12 84 94 77 14 73 19 18 20 60 46 98 72 24 99 31 21 92 70 97 43 70 78 40 37 23 62 41 32 12 27 55 72 80 49 4 80 50 47 43 47 17 38 56 42 91 82 94 22 24 11 9 30 98 58 89 26 31 57 11 42 69 63 27 90 41 13 82 17 42 77 7 86 85 96 58 39 0 87 49 91 0 67 27 61 96 39 89 91 3 43 31 39 
10 38 49 47 32 98 48 52 18 37 34 43 3 16 17 51 9 90 59 12 39 22 62 21 24 7 86 50 48 26 6 16 25 67 52 9 68 77 18 57 18 70 90 96 48 82 33 79 55 17 12 0 29 21 63 21 89 51 95 13 1 77 8 72 27 21 28 82 45 36 52 2 90 93 76 27 7 87 17 14 58 94 28 49 94 23 66 46 17 30 28 98 59 33 96 44 64 
87 61 28 4 38 5 68 90 62 13 50 20 62 62 46 51 82 47 90 75 24 22 96 82 38 61 24 73 72 87 75 16 74 36 17 92 4 45 42 66 65 20 52 68 12 32 76 71 45 94 4 84 33 40 26 97 53 71 86 39 40 76 58 51 6 7 63 14 80 66 26 38 98 45 56 74 87 50 30 97 39 83 77 20 53 0 25 54 64 24 86 46 17 61 84 89 10 
40 0 61 17 6 96 26 52 92 48 78 89 30 20 52 92 24 22 51 88 25 52 74 7 86 7 41 13 48 15 37 60 10 2 69 71 37 17 65 89 41 39 9 97 13 93 20 67 36 39 22 78 88 20 19 18 20 4 89 34 85 39 89 86 13 39 59 30 45 76 29 43 17 24 15 68 42 6 68 97 11 80 64 40 21 4 9 36 70 63 29 91 69 29 76 13 5 
74 46 19 16 30 84 26 98 93 66 36 23 66 22 62 29 69 37 69 47 20 42 38 72 43 21 52 72 13 93 20 42 39 43 57 38 31 47 44 86 81 61 60 4 42 68 89 83 26 18 41 43 58 21 16 2 56 70 50 46 54 85 53 49 25 29 57 48 98 30 99 48 60 85 29 35 61 39 84 95 36 34 37 45 67 50 82 21 82 48 88 54 48 1 18 84 30 
5 93 94 87 93 48 84 42 4 24 1 28 79 5 43 13 30 67 0 34 72 27 71 53 13 98 16 20 95 44 89 25 82 23 44 51 24 23 18 7 33 74 65 98 25 5 90 98 33 66 13 45 73 52 94 89 95 29 98 54 16 11 95 82 28 67 5 78 27 24 94 43 1 71 81 52 11 16 56 12 8 23 23 20 43 2 53 46 46 24 2 49 84 47 90 17 80 
63 50 95 50 94 69 26 95 41 90 77 17 97 61 53 50 16 52 28 35 10 60 76 73 99 49 78 6 47 62 53 89 45 95 3 57 66 98 88 44 62 28 26 29 93 97 14 27 95 58 88 1 75 19 83 40 50 74 68 88 4 88 40 51 44 31 45 47 84 20 45 79 41 38 95 70 48 29 76 8 95 13 41 61 75 67 3 92 66 62 76 13 22 14 85 47 4 
31 86 70 60 97 9 44 34 53 35 76 62 71 85 28 33 66 11 99 8 90 72 0 14 85 45 32 77 82 12 40 82 26 65 72 78 68 0 24 94 25 82 78 27 41 87 59 35 89 37 51 99 30 22 88 86 78 48 35 77 23 73 23 57 21 63 63 9 2 2 26 31 89 9 82 94 42 76 14 24 18 92 17 59 66 73 21 6 99 28 4 5 69 76 19 25 0 
83 53 82 89 15 31 28 18 52 42 25 26 70 29 84 4 27 57 11 90 37 23 27 85 98 61 62 40 29 1 50 39 6 47 77 23 8 90 2 55 6 99 22 26 64 66 96 92 54 26 78 6 31 16 60 59 61 4 68 17 5 28 57 21 12 81 46 63 3 4 27 93 60 65 37 72 13 40 7 93 38 34 97 79 37 82 46 99 90 34 66 18 50 44 21 27 51 
3 76 29 25 83 58 32 89 44 24 86 83 32 81 0 51 27 64 35 44 1 75 85 1 59 30 5 29 62 10 96 26 97 97 73 74 50 47 84 22 88 1 50 49 52 50 13 20 90 31 48 21 52 37 71 73 3 98 33 26 17 17 29 79 7 95 67 71 26 90 48 46 5 65 6 86 52 79 23 38 28 81 97 18 99 75 67 90 38 19 42 57 78 93 66 14 96 
26 55 10 45 40 97 14 75 28 25 28 10 79 40 72 19 87 65 60 39 70 33 25 67 85 76 51 32 74 3 76 62 20 46 9 67 8 74 97 58 90 67 10 77 98 45 39 92 81 31 16 39 64 95 14 88 43 71 86 71 17 23 41 91 59 54 94 11 95 0 44 9 78 57 80 46 57 17 75 71 75 16 56 20 36 82 4 48 91 95 7 36 12 22 96 5 73 
85 91 37 83 43 74 50 97 89 1 27 51 26 6 68 57 9 82 45 59 13 51 34 55 13 95 2 13 70 10 54 12 14 10 54 38 11 92 63 72 69 59 12 8 73 95 50 42 23 60 98 46 58 49 11 36 68 44 38 48 77 38 59 8 70 13 17 8 75 22 89 12 28 69 71 64 97 64 99 39 85 16 64 6 90 43 84 77 8 27 43 87 72 97 44 39 3 
50 66 59 99 11 65 76 98 87 55 32 87 45 30 80 23 72 62 6 89 76 11 36 17 93 21 4 38 86 61 35 66 71 30 9 49 31 9 34 99 77 21 51 79 27 22 61 57 74 65 11 90 29 53 3 63 12 77 90 92 54 70 57 72 42 96 65 67 71 86 3 71 67 75 77 92 58 12 97 11 33 28 88 98 97 46 3 6 58 94 50 38 12 47 93 16 53 
81 95 74 79 80 27 55 21 81 95 35 93 21 93 81 20 55 17 69 89 94 4 83 21 33 14 7 17 56 83 74 79 68 92 17 54 54 66 33 51 74 84 64 21 19 65 0 33 75 78 82 84 64 6 37 27 81 36 20 40 48 78 74 71 62 43 85 92 90 95 19 49 18 48 18 69 75 37 74 99 51 3 22 52 50 40 43 71 50 39 33 70 21 15 32 67 78 
96 98 71 95 56 56 40 42 47 86 81 81 1 77 1 52 33 40 25 3 43 11 24 89 12 25 23 57 62 69 14 80 51 27 92 92 11 0 18 37 94 8 91 57 72 48 13 13 55 97 60 62 47 93 40 38 98 53 82 70 55 35 32 93 21 17 69 27 21 83 12 71 16 35 4 99 87 47 30 46 46 21 57 73 36 59 42 39 37 80 83 42 93 72 69 92 77 
36 6 10 49 50 78 73 61 20 83 2 78 79 20 48 80 36 59 38 77 46 57 18 97 68 3 98 70 83 0 62 24 55 90 30 9 19 52 30 86 59 89 16 45 62 79 63 71 81 94 10 68 67 79 95 15 7 70 90 76 80 91 90 0 87 70 52 39 40 59 51 69 71 37 80 11 26 87 21 99 41 87 85 55 21 43 9 14 61 31 10 76 55 73 0 11 88 
90 18 92 44 65 51 33 81 76 45 66 38 88 64 30 7 86 51 10 44 49 12 90 76 10 6 13 16 2 21 84 13 69 1 87 11 39 43 19 72 17 32 48 22 58 76 38 52 86 64 47 4 25 45 84 69 65 98 37 44 78 28 52 47 79 73 18 81 14 65 21 66 26 14 61 10 53 88 50 0 80 92 36 21 79 19 50 59 57 70 54 30 89 50 25 30 73 
97 3 18 40 0 49 12 51 77 39 18 41 24 98 46 63 95 47 52 95 26 26 64 56 81 13 77 79 70 29 61 14 47 11 35 19 29 66 45 41 30 76 22 66 49 95 71 48 1 62 83 1 19 96 93 6 57 6 23 24 0 80 9 95 54 82 55 37 47 21 71 60 77 26 51 44 46 24 67 86 73 53 48 53 26 58 54 46 68 92 87 49 65 28 77 16 81 
8 41 68 87 12 3 87 42 7 72 3 75 41 50 18 5 42 54 83 45 78 58 17 80 65 34 88 40 91 94 4 70 16 71 62 79 38 36 30 52 71 56 87 97 95 75 63 11 99 21 3 63 47 94 75 15 15 14 98 6 12 0 84 63 19 17 41 6 27 28 82 29 40 98 56 60 64 6 86 60 93 97 85 5 86 77 18 86 51 25 11 54 92 7 3 61 57 
73 99 37 8 40 7 40 48 19 19 86 15 85 10 84 96 22 49 21 46 4 53 9 68 38 79 68 93 22 37 40 58 92 46 79 56 27 44 44 52 16 42 49 5 86 16 88 56 29 19 43 3 59 90 16 12 1 79 49 1 18 23 60 46 23 17 33 91 3 58 67 48 54 98 9 83 41 20 38 88 77 79 13 61 18 97 11 1 66 93 16 76 38 9 41 64 93 
67 30 33 57 4 15 64 95 95 29 78 0 33 98 89 93 77 65 33 24 95 74 40 73 50 2 12 88 30 15 45 53 30 82 75 80 35 49 95 85 38 5 66 45 83 54 71 35 94 15 37 57 76 56 89 82 7 22 3 61 11 62 1 77 25 38 60 1 78 25 70 43 21 38 5 96 39 61 14 50 76 86 76 75 95 23 36 94 26 96 60 64 84 10 4 49 59 
21 16 0 2 35 25 9 10 55 29 87 49 99 22 91 92 58 79 72 68 81 12 19 96 33 31 3 47 22 77 15 46 72 56 33 54 43 76 15 51 73 9 16 40 55 82 28 46 64 24 49 53 24 62 51 54 81 25 43 23 0 9 37 65 66 31 83 35 17 79 34 18 19 89 11 25 7 51 15 47 91 66 85 27 42 10 77 38 22 41 67 62 22 52 93 64 39 
49 70 45 13 33 80 81 89 70 89 83 65 49 31 9 80 65 61 12 0 84 82 66 98 43 48 52 49 30 37 91 92 54 40 23 66 7 75 74 64 27 18 86 46 92 55 10 38 6 49 80 6 31 64 69 29 0 2 26 66 79 4 46 96 3 55 45 62 69 6 39 15 84 26 52 98 59 66 0 2 59 32 50 12 89 32 6 58 67 17 52 91 46 78 65 76 15 
80 84 19 35 21 94 67 57 4 30 89 84 81 1 98 15 79 55 22 8 55 55 37 32 80 1 9 48 0 72 15 34 94 12 83 40 48 53 95 59 25 95 59 45 33 99 77 67 58 10 40 13 52 2 43 7 91 37 44 97 84 71 2 25 26 8 24 93 4 58 27 69 41 1 96 94 7 56 20 5 72 56 18 35 95 85 39 73 60 69 44 1 92 50 75 15 56 
40 47 34 47 8 60 39 47 84 56 93 77 42 85 40 50 29 35 24 32 63 57 29 41 45 44 11 2 25 17 16 11 29 4 11 39 71 37 74 84 5 63 20 81 79 80 32 28 75 89 70 35 8 34 55 98 4 70 45 80 52 13 72 32 27 67 60 15 66 59 24 95 15 72 61 94 86 48 77 53 13 74 26 16 71 58 55 29 15 93 77 65 67 29 8 51 49 
48 64 19 99 69 12 85 27 81 85 20 14 73 12 82 81 48 32 68 98 79 82 44 29 76 39 38 63 21 47 27 20 47 56 91 61 55 35 18 49 20 27 60 73 56 4 99 75 97 75 74 56 80 91 59 59 52 77 57 22 80 77 73 51 32 52 23 16 78 35 78 72 3 66 20 82 32 46 59 4 58 28 82 77 2 6 60 28 10 97 0 97 78 35 76 51 98 
24 56 40 70 83 12 88 84 29 18 84 5 92 87 40 71 55 72 77 35 52 13 9 24 49 37 56 8 91 18 19 27 67 4 53 61 31 1 46 36 61 73 73 80 52 75 62 76 92 68 92 75 12 2 61 43 35 34 12 41 16 17 16 33 51 25 35 69 75 92 34 39 78 33 84 52 14 34 55 13 63 38 46 72 18 69 13 23 51 34 19 61 63 37 2 66 46 
58 74 78 88 18 19 33 7 2 5 82 28 17 70 62 11 7 71 60 22 68 52 24 55 57 2 21 18 83 80 52 65 15 86 19 17 83 98 82 38 96 36 69 36 19 72 31 14 1 55 43 33 27 11 34 81 96 74 85 99 79 46 16 63 32 99 96 95 74 50 54 53 51 89 70 49 74 76 79 2 2 22 16 10 43 94 64 18 17 97 19 25 1 85 50 46 82 
73 58 72 57 76 64 9 8 24 80 55 55 82 4 47 29 68 43 85 48 8 44 78 10 61 93 33 96 81 74 56 35 56 80 62 25 63 34 62 98 21 11 55 89 56 48 19 34 69 97 79 30 45 60 97 46 64 31 61 57 25 92 98 53 20 22 0 49 40 54 79 60 0 88 16 18 80 72 16 42 69 2 79 40 66 90 66 81 16 96 48 19 89 8 55 59 33 
9 71 27 86 22 10 61 73 26 38 19 30 13 40 71 24 96 1 71 67 56 38 19 91 36 74 68 34 93 85 93 11 41 98 75 38 44 81 38 84 33 61 35 11 33 64 75 39 93 89 91 7 63 77 68 87 48 88 33 4 25 66 15 51 52 9 39 23 29 9 96 97 66 30 4 18 73 15 53 92 73 20 95 43 0 75 68 23 51 5 81 86 15 23 62 7 36 
4 69 54 33 77 36 68 61 88 95 60 97 36 28 64 6 65 20 38 73 20 92 94 38 9 34 65 6 36 32 36 97 96 37 15 28 39 28 1 13 36 55 45 73 70 19 19 67 60 69 45 19 67 31 98 84 80 57 52 71 1 3 38 58 16 21 89 18 85 26 9 26 20 6 92 64 30 43 54 77 6 87 63 89 77 1 22 73 51 17 36 31 13 25 22 11 88 
99 16 87 84 65 34 32 38 1 13 4 24 25 31 98 10 74 25 9 98 82 73 54 61 51 80 52 50 24 6 37 68 47 41 91 36 5 53 8 77 83 97 16 83 70 67 90 40 77 46 70 58 42 89 86 78 15 33 87 78 8 4 39 37 31 0 93 48 14 70 98 2 1 80 79 81 44 55 64 12 78 3 35 76 57 93 86 75 80 78 48 69 19 42 6 30 1 
72 15 34 37 98 93 39 35 65 99 60 37 97 76 67 14 91 90 9 12 29 53 23 24 16 86 85 82 58 41 67 33 58 59 16 13 79 13 14 16 20 54 13 48 71 55 56 84 43 41 21 17 69 47 74 64 67 3 44 18 34 80 57 69 1 39 27 69 98 42 83 70 51 1 48 89 87 48 27 42 87 78 48 6 89 65 40 39 5 38 63 46 68 16 7 6 77 
25 86 23 88 17 4 46 11 24 76 53 67 79 9 33 6 71 82 30 37 22 42 19 37 26 38 78 66 48 9 51 96 98 99 54 3 70 15 15 27 19 26 18 34 21 60 56 0 81 46 85 69 79 43 76 85 29 45 38 26 13 43 86 12 82 16 86 69 84 59 71 80 30 78 10 71 14 70 24 50 16 41 76 13 15 83 40 77 45 23 70 10 82 82 32 49 65 
70 44 32 83 97 86 25 37 88 92 72 64 47 53 8 32 87 49 5 66 27 37 43 96 82 26 36 31 25 25 36 59 77 50 82 48 75 22 60 72 12 28 76 85 33 94 69 57 28 54 69 49 10 47 8 60 16 43 55 41 96 4 44 60 52 82 85 22 91 93 61 90 33 2 14 9 54 96 13 78 83 86 41 27 16 32 10 70 41 39 27 55 52 54 98 67 69 
39 35 77 48 95 61 37 96 42 36 7 78 11 66 77 29 1 17 13 41 10 37 18 27 76 11 26 8 86 49 34 34 25 7 34 19 82 3 59 69 72 1 19 83 86 93 25 51 15 21 26 34 37 16 60 64 61 45 81 36 38 42 60 56 56 0 28 91 96 60 98 36 17 89 38 27 82 5 45 82 28 9 19 78 15 60 36 69 22 12 96 72 87 13 12 7 60 
12 44 76 57 68 4 17 24 75 23 57 99 99 39 93 16 45 23 61 50 8 45 78 44 88 72 85 12 85 3 62 82 54 45 54 70 86 62 47 37 5 95 89 16 18 89 70 20 50 66 24 6 45 17 79 93 65 1 74 3 38 38 70 1 18 99 18 11 18 96 51 16 98 17 36 86 79 76 71 95 38 37 85 48 86 18 28 35 67 73 23 69 17 11 71 56 11 
79 19 92 93 90 29 17 50 21 37 9 85 4 77 44 14 43 79 84 16 30 56 21 50 62 73 97 38 91 97 73 7 5 53 16 31 20 25 36 97 60 32 88 50 5 51 81 75 8 87 38 35 11 64 15 21 72 54 56 56 42 44 95 49 31 49 4 15 74 18 94 55 41 61 36 58 19 60 18 43 13 95 29 49 54 56 65 11 2 53 22 0 75 3 95 37 56 
97 20 78 75 81 13 20 57 97 5 42 2 39 29 79 25 53 38 37 8 55 35 57 52 67 3 17 8 59 95 11 77 43 83 63 85 38 55 48 99 39 58 21 9 85 99 28 77 88 65 41 43 11 49 36 87 98 30 12 96 80 45 11 96 99 78 7 15 13 83 47 39 59 36 0 6 26 37 72 20 49 85 45 44 46 40 76 78 4 83 40 50 94 83 97 40 27 
68 65 72 30 41 57 30 58 38 43 48 78 82 37 95 74 99 26 86 89 59 53 69 16 24 50 68 61 43 77 70 61 66 98 13 32 70 23 3 3 26 61 42 32 22 45 69 58 14 48 99 44 89 3 65 63 19 45 16 92 92 11 61 24 24 25 27 72 64 11 39 54 74 99 41 73 53 78 26 45 83 66 50 94 32 50 34 83 25 22 84 64 14 71 66 45 90 
35 28 26 89 38 33 7 86 16 46 77 59 35 7 68 30 29 22 4 36 34 50 79 69 84 58 73 86 17 64 71 75 43 73 86 32 72 85 19 39 60 3 44 69 39 19 46 19 0 69 51 91 48 44 99 16 48 87 31 86 89 27 74 72 74 54 87 52 98 52 13 57 61 13 57 41 12 11 95 13 16 97 40 86 34 81 92 10 2 95 65 56 7 20 66 76 4 
99 38 36 58 41 57 88 40 76 34 33 33 26 63 85 60 0 22 66 37 15 57 34 69 18 52 79 4 34 96 24 36 51 96 33 21 29 36 3 4 4 37 88 1 92 43 14 41 88 35 54 18 13 26 1 85 40 4 31 38 42 6 20 18 16 58 56 8 47 73 83 54 64 99 54 14 74 26 25 30 98 37 82 75 96 16 23 43 12 33 84 62 39 75 36 59 77 
83 58 85 55 60 55 73 54 95 31 83 43 96 30 88 38 30 82 66 67 21 83 91 68 83 38 73 5 20 47 31 77 77 73 9 98 97 8 91 89 23 96 0 55 38 52 58 48 14 74 53 55 55 14 96 67 85 14 85 13 83 49 65 81 25 47 1 12 21 34 4 24 49 99 25 60 63 44 17 32 47 87 37 67 30 71 15 80 72 46 39 38 23 8 98 2 71 
51 63 83 99 80 1 1 90 50 1 63 79 10 28 10 67 51 19 91 20 4 83 68 20 72 80 21 0 78 37 82 47 69 73 89 23 64 25 22 78 72 86 18 86 54 36 25 71 0 54 4 79 31 5 48 1 47 2 1 19 68 11 74 65 62 77 26 49 91 93 96 9 81 79 12 25 95 93 71 19 73 69 53 90 56 16 38 22 19 67 30 42 69 59 14 80 24 
21 69 6 12 13 71 62 1 56 62 71 93 58 86 91 82 94 63 54 96 45 51 52 20 1 61 36 86 6 90 1 5 44 66 93 89 92 19 18 4 1 59 24 54 35 72 66 43 39 65 69 51 99 75 7 19 66 65 34 75 11 42 92 60 45 22 35 90 6 28 89 30 86 63 61 44 85 91 98 97 46 7 17 69 99 42 67 50 80 43 66 35 7 30 80 9 22 
72 94 41 12 46 95 20 15 83 41 27 64 40 21 18 26 70 14 17 84 31 84 35 9 46 67 7 45 85 23 32 78 68 84 72 98 13 67 97 8 38 88 21 55 35 8 48 30 21 22 60 71 16 57 53 15 30 53 75 62 41 51 65 92 39 84 48 99 60 74 13 38 89 54 16 7 32 2 70 8 37 95 61 31 88 71 88 40 56 84 30 10 92 93 0 82 93 
55 0 56 49 48 76 31 19 84 68 87 23 40 20 83 93 16 18 73 46 2 80 71 44 21 33 64 68 17 66 7 93 24 77 16 70 77 50 48 60 85 7 24 88 11 70 83 34 22 60 85 40 46 93 99 72 27 88 32 15 58 62 67 35 95 43 92 77 81 48 45 1 57 62 13 43 13 4 88 58 71 90 50 76 22 64 34 54 35 10 55 18 6 52 62 43 88 
53 63 96 71 76 54 42 5 60 83 7 34 79 18 92 9 26 60 3 32 39 15 42 91 72 33 81 39 24 68 74 23 84 26 12 48 32 44 93 67 35 97 26 32 9 49 13 63 33 88 37 50 48 18 55 1 77 81 76 58 30 41 24 1 24 96 73 68 15 61 64 50 64 92 82 41 0 64 67 82 74 46 30 21 38 46 97 85 19 79 11 14 50 37 55 94 32 
58 35 47 21 94 39 79 59 83 57 82 3 45 94 73 42 13 10 40 9 13 41 61 63 16 30 61 5 52 26 88 5 12 66 97 54 64 49 56 91 59 89 87 54 83 85 72 9 70 89 93 89 6 6 87 20 72 60 65 25 90 42 33 2 69 86 49 38 41 86 23 29 52 3 83 9 26 8 3 43 8 23 58 3 57 48 2 84 42 63 67 56 91 1 88 41 97 
87 92 22 91 63 87 32 41 43 8 49 75 8 91 19 72 0 0 13 82 52 6 76 75 10 43 69 35 15 25 48 17 12 62 0 96 43 13 38 86 1 52 72 88 84 95 89 49 27 63 77 21 74 92 88 2 68 60 52 66 74 85 23 41 35 38 34 10 47 7 33 28 77 56 80 90 72 7 83 40 42 78 74 74 32 71 35 28 34 44 74 88 53 86 15 60 42 
10 55 23 65 84 33 47 63 84 28 45 33 15 27 56 83 70 32 5 28 55 18 49 0 85 9 77 77 43 64 98 3 28 55 17 44 72 39 22 18 83 32 33 27 88 50 18 67 95 91 58 90 20 80 59 19 0 47 69 4 21 46 80 16 21 2 50 34 92 3 82 28 47 88 42 80 61 39 33 2 73 8 93 33 35 86 21 17 92 15 17 78 14 44 86 78 33 
73 56 3 87 21 42 35 38 44 49 35 59 59 62 81 32 97 35 37 63 36 53 3 75 20 7 6 17 63 75 81 87 22 78 27 69 24 62 57 81 41 36 89 16 6 9 66 67 72 26 55 97 62 79 64 7 25 24 44 98 22 28 29 41 79 79 83 14 32 36 44 19 98 92 48 70 55 69 21 72 64 11 86 95 87 56 66 33 23 1 4 77 50 68 94 13 23 
73 71 43 63 61 5 22 66 38 15 24 35 50 80 93 88 26 15 59 7 52 36 29 59 16 48 67 47 8 84 0 70 47 33 15 19 48 80 16 47 96 83 19 74 69 34 94 95 47 77 28 0 14 5 19 58 50 17 47 53 15 42 65 72 37 28 86 49 86 81 74 5 75 75 30 59 66 83 49 70 63 12 83 56 86 87 82 18 16 53 14 39 2 82 26 2 10 
