71
9 34 29 49 33 9 51 23 51 85 98 60 48 81 99 6 97 37 14 66 99 43 30 1 33 30 23 3 3 67 96 53 22 42 81 86 18 99 26 3 33 66 43 85 66 64 44 36 34 16 40 14 92 78 9 72 68 91 90 57 37 34 33 89 72 20 62 10 92 47 26 
63 17 45 50 2 2 23 70 16 54 89 4 38 44 94 22 71 6 92 61 25 24 79 46 58 39 69 15 53 32 39 47 1 3 32 29 14 29 31 38 62 50 80 71 12 0 6 71 89 57 52 47 39 32 50 27 11 47 55 61 66 41 49 64 84 83 93 83 90 58 94 
73 43 24 89 12 81 20 59 30 86 80 79 64 90 48 22 48 96 56 21 11 69 92 43 50 93 6 36 33 1 10 61 36 61 77 85 84 24 59 54 60 42 2 78 85 63 96 29 88 57 46 44 85 44 17 15 1 62 70 0 49 80 24 96 42 66 25 44 6 11 78 
1 5 70 49 68 61 73 74 29 20 83 18 47 23 9 19 78 88 52 76 57 62 11 17 87 30 25 29 69 82 3 68 93 56 72 19 18 28 33 15 60 96 80 58 43 26 80 38 68 81 20 40 8 48 66 77 10 19 26 95 96 96 71 2 66 19 62 6 15 11 27 
38 64 71 2 95 39 37 91 43 17 78 17 38 40 32 92 59 65 42 37 4 86 28 25 19 68 48 23 85 75 8 18 72 10 11 68 42 87 80 44 54 81 60 39 34 86 57 65 11 91 51 63 1 98 15 2 16 74 12 79 40 91 89 59 20 91 78 65 1 40 23 
91 10 35 83 62 57 85 43 51 2 46 1 42 64 52 72 77 76 10 50 66 98 78 18 30 35 41 37 4 34 77 39 78 23 49 50 70 13 1 50 44 44 1 98 92 34 81 8 68 60 67 52 61 17 57 69 43 96 12 8 62 35 63 51 19 62 81 95 12 83 47 
79 9 36 99 36 56 28 56 1 24 87 28 16 94 68 83 4 9 45 10 34 68 61 81 83 98 31 49 44 22 20 2 25 77 39 17 4 82 4 10 77 56 70 74 3 99 71 64 26 28 22 18 77 19 77 23 84 40 17 99 42 46 66 51 68 45 48 47 18 66 68 
82 91 89 41 86 57 71 94 65 20 54 20 8 3 74 86 82 1 61 5 45 45 51 95 9 89 41 43 45 73 80 90 17 4 79 83 34 13 22 37 65 64 65 11 79 5 89 59 73 94 85 86 21 84 25 89 64 91 68 14 12 82 53 36 29 35 82 8 79 41 0 
32 49 4 2 30 85 14 84 78 77 99 91 49 0 8 68 66 21 6 3 78 65 29 83 29 25 76 45 37 29 59 41 79 88 80 44 97 32 96 91 73 17 5 96 61 70 65 81 44 39 70 42 50 79 2 72 76 79 67 48 18 84 44 2 6 22 66 28 69 17 37 
86 90 37 7 76 83 75 99 14 85 39 20 48 48 89 1 83 31 31 17 29 6 44 56 57 5 68 68 50 74 1 66 14 88 22 69 58 22 26 18 61 95 56 15 26 84 15 73 4 37 85 21 38 81 5 62 52 40 89 81 37 59 6 71 25 22 27 8 55 11 69 
65 81 44 99 67 32 15 8 15 60 93 30 51 35 24 18 27 90 99 42 61 22 97 53 43 81 14 53 35 82 46 11 41 54 42 50 73 41 20 18 19 9 49 57 75 26 35 1 43 95 98 66 97 57 91 18 64 5 95 3 14 0 26 75 58 60 91 4 27 82 32 
71 61 57 48 87 58 33 93 32 90 55 81 70 56 25 41 92 32 41 97 61 5 89 27 11 40 99 90 18 52 19 43 88 57 94 66 83 83 0 91 13 76 43 89 57 66 95 5 9 20 94 4 48 33 85 2 9 82 52 11 50 57 35 84 93 2 46 43 86 59 41 
32 82 56 13 8 95 88 54 81 48 80 46 64 47 25 39 79 50 74 85 41 76 56 91 59 22 17 56 23 87 52 62 9 12 91 71 87 16 69 60 69 40 31 59 65 95 57 24 89 38 2 32 78 83 75 7 53 27 58 80 66 58 48 91 10 87 77 84 51 34 73 
15 70 91 22 68 94 63 70 83 76 37 15 44 53 43 69 34 14 12 93 67 36 28 38 82 25 43 74 48 58 14 16 91 11 35 17 93 45 44 6 81 61 79 8 85 6 77 15 5 37 37 61 79 1 32 95 41 21 52 85 11 29 74 11 1 97 85 72 6 37 16 
51 10 16 64 79 19 41 68 23 11 27 42 23 86 57 75 9 80 36 14 56 41 5 57 65 5 43 49 39 63 35 46 53 81 48 8 98 91 74 41 84 70 31 90 99 63 80 80 66 12 94 89 13 3 16 40 50 19 42 95 33 76 97 36 38 36 50 75 6 87 65 
94 10 55 22 27 77 82 34 39 58 17 60 0 33 35 16 46 74 54 62 27 51 78 96 66 28 84 57 84 18 45 6 70 90 77 75 67 49 7 63 29 47 71 94 9 91 79 39 0 66 71 58 13 21 52 92 4 79 16 18 33 16 96 65 7 67 30 35 92 66 18 
43 73 43 33 3 70 89 10 91 13 61 93 91 33 91 9 65 31 25 34 25 80 30 60 18 61 33 87 65 24 93 4 66 92 77 52 47 64 17 76 10 17 59 58 96 75 57 60 59 98 4 66 4 34 69 65 61 24 65 92 22 68 42 35 80 25 82 68 84 56 48 
78 14 45 33 63 13 30 22 78 26 54 35 2 70 79 9 16 74 97 1 24 74 24 81 93 62 56 64 52 23 20 66 70 61 40 50 99 15 20 55 8 87 46 70 48 41 32 90 99 65 20 23 19 51 12 85 77 58 10 5 29 26 57 58 42 49 15 50 88 90 99 
28 47 40 35 14 8 13 91 95 88 58 47 35 67 76 80 80 95 37 90 37 38 93 23 78 16 89 9 94 99 41 45 41 61 42 96 42 4 47 76 50 66 69 93 75 54 79 68 36 99 76 97 86 36 67 42 80 54 45 18 0 75 69 32 41 92 86 89 10 94 63 
9 25 13 63 15 1 85 8 55 85 22 61 98 26 19 77 41 57 43 72 35 18 37 37 73 69 83 82 43 6 38 4 73 76 73 18 59 48 67 53 63 5 6 1 54 16 15 71 14 88 7 52 75 36 45 14 24 13 18 19 77 91 70 54 16 89 6 67 13 41 57 
67 86 74 81 29 60 8 67 71 12 31 11 88 86 12 31 96 33 17 45 58 28 76 64 18 45 6 84 27 47 58 51 84 46 22 94 55 0 99 7 4 98 92 61 96 57 64 58 6 4 13 49 45 19 1 56 12 58 4 88 68 40 49 92 32 57 78 65 53 7 48 
17 40 54 68 31 52 76 71 82 84 12 68 36 90 82 43 56 71 9 67 21 31 17 22 78 74 60 29 14 13 84 71 59 31 82 51 56 84 6 66 5 43 43 27 76 91 30 69 14 64 19 43 35 77 84 11 14 7 43 58 21 21 87 25 22 2 99 64 60 19 31 
71 65 58 8 38 52 66 10 91 34 62 68 59 38 24 81 18 59 46 6 4 39 83 17 9 33 21 65 81 71 43 24 8 74 54 6 77 68 58 27 34 53 30 36 73 34 26 18 62 63 4 69 12 30 69 73 51 69 99 68 88 89 87 12 45 58 39 3 91 28 78 
4 32 83 79 19 11 67 41 46 72 34 56 32 30 44 18 16 67 86 56 96 98 59 99 35 84 67 44 49 53 97 72 33 27 92 62 41 17 98 91 82 78 98 11 71 66 92 69 89 10 15 65 81 38 3 80 46 75 1 90 37 27 1 39 99 94 59 10 6 81 14 
58 8 2 57 56 34 83 58 68 9 78 9 18 31 30 35 56 0 17 22 20 27 49 18 6 9 74 97 48 42 21 98 68 52 36 27 60 76 10 27 74 51 70 20 62 13 76 58 72 30 94 52 26 19 23 79 63 72 30 93 4 12 99 68 16 77 26 98 15 59 87 
73 75 63 55 11 74 93 57 28 24 87 3 23 6 85 20 28 61 27 58 1 93 98 37 68 81 91 58 40 12 53 70 46 75 22 83 63 81 21 93 61 48 83 51 69 77 21 5 57 0 10 82 70 47 38 31 36 85 87 27 17 19 87 78 52 97 15 13 8 36 23 
88 50 48 71 2 52 10 83 54 18 4 86 91 83 87 34 7 41 23 8 9 58 97 1 9 17 23 22 25 9 94 85 65 21 57 75 45 96 50 2 11 28 77 98 16 46 53 16 55 68 59 46 37 35 14 63 77 76 32 16 8 67 24 96 21 68 5 89 59 51 4 
48 39 1 34 59 1 60 8 25 84 36 92 22 14 92 85 81 27 21 72 61 29 30 33 96 68 54 85 7 56 10 78 95 88 75 29 96 59 68 52 65 98 69 64 83 32 84 26 47 30 85 55 40 76 21 90 9 10 55 38 97 8 64 16 0 20 53 97 78 77 79 
31 48 85 83 10 98 76 16 43 41 44 30 61 73 33 13 78 87 38 11 50 14 12 47 59 96 71 95 54 60 55 9 74 78 76 2 58 62 88 0 93 71 11 30 26 8 41 42 22 14 34 82 6 6 83 28 86 21 91 45 60 62 89 98 39 79 32 15 40 92 27 
99 78 4 64 48 38 18 59 3 98 42 64 57 39 18 93 59 78 76 70 76 68 53 40 61 10 2 81 72 72 51 2 50 42 62 83 56 9 15 43 81 89 38 97 47 31 73 82 83 83 85 70 26 16 72 3 98 14 81 43 27 58 99 3 64 84 79 43 62 23 6 
70 76 11 88 24 19 28 60 15 73 28 48 69 85 93 71 10 95 0 6 69 59 38 21 68 59 53 37 74 22 40 35 15 59 57 38 75 39 72 1 63 84 41 25 19 80 35 23 73 34 76 23 89 96 16 88 96 84 93 70 18 9 93 10 78 71 15 98 8 2 45 
23 22 25 87 3 70 83 70 99 25 88 96 26 89 18 96 41 76 50 18 39 72 57 28 68 27 95 20 90 36 41 46 8 81 44 42 40 48 70 30 48 89 32 39 36 58 57 86 66 86 67 99 16 7 92 86 69 35 32 13 99 31 2 22 92 39 85 85 2 2 38 
48 53 6 95 63 65 43 90 10 38 69 44 22 5 17 9 47 76 57 62 93 29 12 23 23 55 56 19 33 19 12 37 46 51 86 9 40 73 38 56 88 91 69 32 99 70 68 88 48 81 97 69 69 52 64 99 28 54 85 79 49 85 14 53 1 53 59 61 7 16 29 
34 89 29 11 84 75 39 69 73 15 1 92 36 64 12 92 17 40 41 88 24 34 81 27 4 94 43 68 44 60 74 13 98 71 8 74 64 26 19 12 33 69 23 13 60 63 85 41 91 85 78 3 23 39 43 8 4 43 2 50 62 22 27 42 11 27 5 18 12 31 96 
89 74 11 19 76 44 13 78 26 41 54 48 54 44 73 35 53 13 65 5 99 22 69 54 19 70 5 44 51 71 70 88 39 46 59 22 49 1 67 93 58 25 99 44 3 30 27 97 26 61 85 33 97 41 26 5 34 81 14 84 50 9 33 81 67 52 75 99 5 71 36 
28 88 37 83 64 36 26 82 29 35 41 1 21 48 38 97 54 5 74 92 61 74 56 41 25 85 96 45 3 47 89 77 1 49 47 32 92 16 28 2 95 87 86 63 61 82 87 93 7 41 68 85 19 75 98 52 57 33 34 99 73 23 89 42 82 57 85 41 15 0 64 
98 35 99 75 13 54 45 10 87 38 73 14 87 23 58 8 10 41 26 6 31 90 93 80 14 40 19 50 66 37 6 69 78 72 15 28 21 99 64 27 58 68 67 39 7 85 82 13 78 25 18 45 55 13 10 89 1 71 53 2 47 42 4 59 31 92 91 45 90 49 72 
55 31 77 21 16 82 44 23 90 93 21 3 41 26 58 41 6 28 87 45 18 0 83 54 88 21 65 46 6 11 43 7 94 25 13 32 86 66 4 13 31 66 5 26 96 19 90 55 92 19 60 92 88 89 76 46 50 95 44 77 71 42 49 27 32 25 32 36 78 93 10 
45 7 74 33 42 81 16 80 98 6 33 6 77 34 30 20 38 37 81 49 72 17 66 60 28 36 54 22 44 82 70 53 10 55 5 80 77 80 8 20 96 41 54 33 6 54 7 31 49 27 5 24 7 86 34 15 92 95 13 38 34 68 80 53 96 83 18 56 21 94 74 
51 32 21 28 73 13 2 88 2 55 14 48 85 38 4 8 47 97 60 78 50 64 87 57 23 68 78 89 67 7 73 36 93 47 1 76 33 7 85 38 4 77 90 76 8 64 90 3 7 82 53 12 85 67 11 7 6 12 81 3 35 54 71 13 48 88 98 53 83 88 88 
35 81 22 73 61 73 50 40 51 47 4 79 35 74 43 29 76 51 59 92 71 86 84 62 81 50 51 20 0 13 48 93 4 50 6 53 50 20 72 59 60 44 25 53 48 66 87 99 35 57 70 66 22 21 27 40 8 91 52 10 48 60 10 54 73 62 58 22 76 69 54 
9 89 81 99 61 95 97 80 39 32 5 11 72 52 40 80 28 10 38 20 49 18 20 51 61 7 94 61 9 66 75 87 68 40 11 50 20 43 32 42 52 7 13 72 9 40 47 23 70 27 23 62 33 25 85 83 80 72 45 79 78 13 76 9 75 24 37 76 9 20 9 
73 50 71 28 48 67 47 22 64 87 70 3 78 41 75 59 98 74 81 0 8 69 9 50 82 78 81 76 23 57 28 21 93 9 58 35 48 60 12 5 66 1 89 1 88 42 4 78 15 83 51 70 93 21 53 86 3 37 71 31 22 40 28 19 57 65 15 13 58 0 24 
20 47 46 52 34 81 83 97 46 36 72 4 87 25 51 13 4 55 88 94 42 29 10 55 81 46 14 94 91 65 84 18 86 89 33 13 89 12 70 57 55 59 99 82 28 32 23 42 88 48 67 10 18 1 86 10 42 76 29 23 19 49 40 79 41 52 86 85 70 17 81 
21 13 36 22 43 36 6 96 36 70 44 91 16 30 77 44 92 85 7 33 66 92 7 12 62 87 90 25 92 86 1 68 77 27 9 80 45 83 60 39 22 34 64 51 34 30 25 50 26 4 47 9 35 15 90 27 44 2 41 82 82 20 11 52 84 74 81 41 74 82 17 
71 76 56 51 50 57 51 2 94 55 17 63 8 18 87 14 42 76 28 70 70 79 93 39 93 87 95 7 53 4 65 33 57 67 24 55 86 53 12 90 25 1 58 12 15 23 29 0 16 11 22 97 3 79 4 1 3 73 8 40 40 13 86 73 25 83 5 50 87 26 74 
95 98 72 17 78 51 42 24 26 74 48 80 34 55 39 9 38 97 90 14 19 50 95 48 40 11 35 9 13 15 33 84 97 86 45 59 65 85 11 56 10 84 44 82 29 73 77 33 13 84 4 5 42 24 53 64 14 62 0 30 72 75 12 71 86 81 47 92 56 87 59 
54 4 38 47 8 89 17 94 76 54 35 56 21 63 85 26 32 20 6 73 81 83 88 20 50 4 22 19 60 44 87 44 93 74 39 32 10 87 35 19 88 70 95 77 66 71 13 72 75 20 57 31 47 81 57 26 5 2 74 53 39 89 4 83 42 94 92 23 27 71 84 
62 51 51 32 88 64 10 0 82 2 0 61 93 66 23 14 52 37 69 13 36 8 75 86 24 72 11 4 25 49 84 42 12 21 32 22 4 78 12 14 55 28 44 83 84 23 9 59 51 97 12 54 12 25 14 73 40 71 30 84 70 14 24 91 30 33 6 64 91 10 40 
27 97 66 78 50 63 86 3 16 60 30 79 34 47 16 37 6 29 8 89 60 25 20 45 98 74 59 91 3 69 39 72 20 71 91 16 27 51 51 85 42 29 3 18 45 62 87 33 35 52 94 22 79 39 97 92 59 2 44 2 54 59 4 66 15 53 3 25 30 8 13 
94 47 4 88 22 54 67 36 34 94 6 66 89 46 35 74 92 66 28 27 23 54 36 54 2 2 3 83 94 50 21 66 99 85 19 46 25 90 74 41 40 42 77 11 76 37 29 35 35 35 18 40 42 71 25 89 66 60 13 79 9 56 58 33 32 71 48 0 86 20 46 
52 86 31 11 41 21 83 19 20 71 87 78 76 68 8 46 50 96 37 75 53 96 40 96 37 69 53 58 67 10 74 36 2 65 13 30 85 15 61 30 81 41 44 10 78 80 2 66 59 34 46 93 55 67 69 39 51 93 99 72 74 7 21 55 31 77 89 92 82 7 91 
45 62 25 68 29 91 6 5 33 25 85 29 51 93 76 73 18 72 9 74 8 85 8 56 40 71 86 1 31 13 67 68 78 99 15 98 50 82 63 89 80 35 80 16 77 38 45 9 1 38 26 4 85 73 97 13 91 93 16 15 45 9 25 41 49 39 78 26 75 40 6 
65 55 99 54 50 71 90 29 55 17 74 89 67 82 25 11 45 2 27 38 82 16 98 73 50 35 36 67 29 95 88 23 9 21 52 62 91 13 13 60 63 70 68 1 82 81 26 56 96 84 36 61 54 74 13 61 58 71 96 90 41 70 94 87 7 83 97 77 99 99 77 
43 69 67 28 72 53 21 51 87 85 67 95 1 87 54 54 39 62 10 25 75 24 35 51 52 45 92 16 63 46 54 23 9 0 5 30 19 84 6 44 45 65 35 22 10 69 71 43 90 82 88 53 26 32 68 66 28 83 9 55 47 8 16 53 78 69 47 33 42 99 36 
14 88 7 5 59 39 69 79 54 70 77 72 29 2 31 32 4 23 35 61 47 43 22 14 70 95 12 78 95 41 59 30 48 3 64 89 87 46 34 57 83 92 0 66 85 68 40 27 4 67 39 57 45 37 83 48 99 99 16 81 50 28 6 18 15 2 56 42 46 9 19 
93 65 3 35 39 65 28 67 41 38 78 23 80 87 38 18 11 63 30 6 9 96 14 54 79 18 45 18 97 4 5 26 71 12 59 45 75 33 70 73 30 51 83 8 15 98 10 33 37 38 20 98 74 79 48 42 5 86 97 48 81 29 77 98 14 53 57 79 21 33 49 
4 10 90 39 90 26 46 92 84 27 13 74 23 66 37 78 42 52 38 29 51 74 65 95 96 0 11 48 36 74 53 46 58 93 63 13 9 32 50 49 33 42 20 19 78 68 68 63 86 16 62 26 34 58 36 53 74 0 54 4 78 29 4 33 50 99 43 13 64 37 92 
42 33 32 41 59 18 74 29 69 39 57 23 54 99 30 9 32 86 2 91 93 55 91 92 94 72 40 46 67 8 6 59 48 81 87 59 54 5 64 16 94 91 40 92 7 79 85 14 28 38 34 22 84 31 95 79 85 4 36 51 71 85 87 78 2 56 73 3 73 88 91 
81 99 56 19 45 52 1 52 38 0 28 32 33 51 23 78 34 61 66 71 50 66 90 23 55 14 34 80 35 55 30 51 71 52 65 95 47 10 50 90 72 85 23 20 35 45 31 15 2 35 71 14 0 43 36 42 0 34 75 62 74 36 33 95 68 36 98 28 33 32 90 
57 77 0 83 62 37 31 43 79 81 47 17 7 28 83 2 13 82 80 43 93 17 17 42 48 39 24 95 98 44 6 72 21 69 70 25 34 97 3 30 74 40 33 86 79 10 65 46 16 1 12 59 56 43 17 64 81 35 56 88 34 63 24 9 7 4 82 11 37 26 64 
53 58 27 92 81 38 55 57 93 58 45 36 13 54 81 60 57 7 14 40 2 46 83 71 85 74 87 10 7 53 25 90 75 82 30 53 58 1 38 91 26 96 6 18 71 57 30 95 82 81 98 52 92 15 43 62 19 35 39 36 92 95 45 10 89 84 28 44 17 98 64 
7 91 89 4 19 60 56 14 0 30 84 16 75 57 54 43 69 32 66 35 74 50 31 47 47 19 68 31 13 71 34 80 78 61 22 99 71 8 22 98 33 63 27 72 59 7 93 80 48 56 82 94 28 65 18 22 49 72 35 34 40 22 34 94 71 59 54 7 14 95 17 
61 42 22 75 98 90 94 69 49 36 94 31 96 12 81 50 38 88 9 41 88 12 88 4 63 71 66 94 79 47 6 92 0 81 10 91 94 32 32 35 31 60 43 95 96 28 83 24 88 21 46 17 43 38 68 54 42 0 2 45 9 72 71 63 38 12 36 0 48 15 6 
41 41 72 43 39 20 37 37 73 87 79 83 8 61 22 46 10 76 0 55 20 19 3 76 14 63 70 24 41 80 5 65 81 55 45 41 97 58 75 13 43 80 34 27 85 55 76 66 26 36 62 44 91 70 80 20 69 16 36 5 7 77 63 36 89 14 18 6 97 31 2 
82 15 98 79 34 9 77 96 28 32 75 7 70 53 95 49 23 56 12 76 64 46 69 45 94 39 33 91 77 58 71 66 28 74 21 33 30 87 3 77 93 42 28 22 60 66 64 68 33 71 64 40 61 53 54 39 94 14 65 8 92 93 54 34 39 34 46 72 73 64 69 
36 27 46 95 59 23 11 70 10 2 58 35 60 7 0 54 28 45 73 45 62 69 33 12 3 84 97 9 80 87 15 83 29 60 2 21 66 35 44 45 39 34 21 45 10 39 72 3 18 76 90 5 76 36 91 93 57 81 13 0 10 82 29 57 75 55 69 33 96 63 40 
45 71 78 8 63 96 77 13 10 19 24 76 14 34 30 67 53 15 68 8 9 49 0 25 6 24 20 99 95 0 20 92 25 58 73 27 41 17 72 74 71 95 7 90 35 93 51 32 36 43 48 77 48 57 41 24 20 30 20 99 80 34 22 59 23 11 95 78 33 33 21 
60 90 80 43 86 65 0 71 2 41 23 25 39 84 35 83 54 5 66 21 23 72 62 56 1 77 7 20 37 73 41 84 98 59 36 31 23 83 31 89 54 50 56 95 12 45 5 60 6 43 0 13 74 29 25 19 96 29 74 60 76 81 60 88 37 86 69 95 85 37 42 
34 59 93 29 62 87 0 70 88 68 12 67 78 32 46 38 11 49 81 95 91 55 4 86 90 80 99 92 28 11 44 38 21 30 68 40 3 91 72 47 25 21 9 89 66 53 88 82 87 11 51 24 94 51 22 32 6 92 89 72 52 83 68 10 3 27 41 67 8 46 77 
58 84 61 42 92 4 76 33 47 32 4 93 99 80 94 76 17 71 36 18 80 85 64 55 26 76 13 69 75 39 87 48 70 16 19 39 89 12 83 8 27 42 12 92 57 89 13 41 13 94 5 32 87 14 50 31 59 80 53 0 68 95 66 84 67 39 23 40 39 59 85 
