64
70 24 66 22 58 55 76 65 46 92 47 56 30 36 74 19 10 80 11 46 27 13 51 27 95 85 98 41 95 17 21 8 48 3 72 46 50 71 80 92 45 91 33 98 82 96 14 20 73 71 74 98 45 89 83 90 9 15 26 46 90 11 37 20 
18 16 97 87 51 80 57 53 74 73 40 6 40 20 12 69 18 31 55 20 78 47 50 22 74 78 13 25 68 28 93 99 0 39 46 35 93 33 82 1 68 93 44 74 24 95 94 69 15 2 5 28 78 56 58 27 86 85 27 56 19 0 56 95 
39 24 87 4 68 30 91 47 84 13 77 76 46 7 98 21 26 58 34 42 93 35 85 40 66 34 55 90 93 0 10 12 83 2 68 45 28 88 32 88 77 99 78 83 50 16 75 1 15 73 72 23 55 5 30 30 90 19 2 43 0 28 79 91 
75 7 1 2 50 95 18 60 36 44 48 92 16 58 98 73 47 52 84 33 4 97 58 92 61 5 84 71 59 70 60 60 3 86 5 91 96 73 16 66 41 37 95 85 72 26 57 24 17 43 89 70 17 27 95 88 20 28 41 67 89 12 56 51 
93 50 69 33 47 29 23 83 51 64 11 79 62 80 11 27 34 2 37 13 24 36 91 52 62 69 37 25 24 94 75 47 18 37 17 38 79 16 93 31 90 6 11 19 58 26 25 1 98 1 62 98 34 63 73 52 64 61 43 99 99 3 1 20 
56 29 53 8 61 24 44 85 71 71 60 56 1 99 76 39 56 24 9 13 24 77 58 33 81 71 52 32 21 51 43 28 51 35 36 2 99 44 67 90 41 10 38 14 25 44 25 61 68 18 50 15 24 61 9 91 26 50 16 4 64 15 84 33 
91 23 15 88 95 93 63 22 74 29 97 9 99 51 67 66 51 37 4 14 95 59 10 45 62 10 83 27 79 90 0 80 22 57 82 34 15 86 79 52 43 35 37 41 23 56 7 48 29 19 5 84 98 52 37 33 34 94 88 50 54 61 68 12 
35 53 13 84 8 52 35 5 94 19 29 95 86 77 84 0 53 26 67 88 59 0 23 56 5 48 8 99 36 47 71 78 92 31 64 2 95 2 95 25 83 39 38 61 50 77 62 49 95 8 11 90 92 49 99 5 32 86 71 40 23 96 61 38 
73 27 34 81 50 88 11 35 61 73 92 61 97 97 97 17 5 86 29 62 51 53 57 66 10 22 13 32 2 73 38 99 15 16 80 92 55 19 32 92 5 78 27 10 21 91 53 24 24 56 52 88 38 44 2 84 28 82 54 87 97 29 83 18 
61 40 62 15 97 18 89 52 62 18 50 12 63 19 83 4 51 58 25 29 51 13 72 86 30 39 25 29 4 77 3 71 60 42 84 62 91 30 23 26 49 62 30 55 44 23 30 67 19 20 73 52 84 68 97 21 3 33 95 14 43 44 90 33 
88 5 5 65 95 74 53 39 81 23 87 96 2 42 99 30 51 14 17 40 8 86 73 53 88 0 20 91 98 31 81 45 92 58 14 24 43 50 99 90 35 96 25 21 27 45 65 96 81 44 8 79 70 26 22 21 28 48 32 18 81 40 79 27 
25 25 23 8 29 91 65 52 54 20 16 16 66 2 23 42 29 93 32 44 72 68 90 74 7 32 90 49 60 30 92 30 10 50 96 27 60 52 51 37 79 83 7 64 78 21 8 0 28 47 91 36 89 37 49 36 10 94 99 87 88 22 72 83 
67 1 33 91 0 18 18 93 30 24 59 33 45 33 21 17 65 28 67 5 9 61 49 18 1 77 63 28 75 30 72 34 54 66 77 7 36 40 29 19 58 17 24 67 30 86 52 50 93 66 96 33 83 74 44 65 83 76 66 84 26 62 51 38 
44 25 65 3 2 35 53 60 95 84 34 94 68 41 56 78 72 11 96 6 9 47 37 89 25 0 48 60 29 81 49 76 28 2 61 44 49 61 24 71 90 19 64 51 17 17 6 67 53 52 73 78 74 45 60 33 66 26 88 46 72 79 70 84 
51 60 85 72 85 25 92 13 67 28 4 20 68 98 72 31 56 25 56 48 70 46 86 34 47 60 43 4 96 85 71 53 76 9 24 89 18 4 53 6 89 68 64 87 25 93 24 18 46 2 65 1 93 10 10 12 48 47 53 1 75 66 63 52 
81 71 84 70 56 32 29 86 88 79 85 7 47 41 45 89 35 51 80 39 83 19 20 2 23 87 38 1 58 62 63 17 26 4 71 51 23 85 98 4 5 93 30 36 52 83 24 0 46 72 64 63 28 24 28 69 51 84 66 72 6 38 77 47 
72 70 73 28 63 54 35 73 92 90 77 86 87 30 28 99 4 77 43 50 40 90 59 65 94 30 56 14 93 30 71 83 46 90 24 97 84 75 32 32 12 86 12 34 68 39 33 69 84 77 67 15 39 83 32 69 4 40 21 80 45 44 60 0 
73 68 46 70 78 9 26 30 82 24 48 2 75 85 31 91 35 10 88 90 41 27 47 14 82 56 33 56 40 90 53 20 9 8 1 4 13 7 88 83 29 26 9 4 64 48 71 89 8 50 88 35 22 4 45 47 32 72 12 32 52 96 73 80 
69 6 3 6 45 81 94 74 14 66 34 51 95 5 52 62 76 30 41 38 38 93 81 46 13 82 25 55 55 37 52 87 29 30 40 44 10 28 41 52 12 6 8 75 28 59 94 91 34 99 0 96 98 35 95 89 89 28 77 33 79 37 86 75 
63 80 78 26 1 96 48 17 52 84 0 24 75 91 5 71 63 27 57 87 12 96 3 92 90 39 24 7 2 21 96 1 0 23 43 64 36 87 7 40 74 37 19 11 72 55 82 47 66 47 80 49 57 56 62 16 45 28 82 7 66 56 41 72 
78 33 0 82 92 36 66 86 33 9 64 30 7 90 4 43 56 11 68 53 25 74 19 73 44 81 38 23 34 35 9 42 53 76 25 89 93 4 62 79 89 52 49 3 37 14 7 10 85 63 55 7 21 22 86 51 23 19 94 29 89 93 48 20 
68 73 46 7 64 53 73 30 31 22 44 65 72 87 60 30 68 38 47 91 99 12 4 1 25 77 24 47 9 38 31 5 72 45 42 74 75 82 6 0 39 87 43 36 33 41 70 56 93 78 85 94 12 89 8 84 23 25 85 80 65 51 37 27 
44 86 62 69 63 4 14 25 16 11 38 48 72 29 69 43 77 54 84 38 85 49 2 27 80 46 44 32 48 31 54 71 77 41 6 92 9 18 59 76 94 97 87 93 38 15 13 97 20 89 37 17 92 35 94 99 81 0 43 48 76 47 27 56 
63 22 58 11 51 89 40 90 30 35 8 79 41 86 59 51 85 73 73 2 99 83 13 92 78 18 88 34 20 10 71 39 20 61 42 55 91 20 5 75 32 71 42 51 46 50 50 48 45 4 90 85 56 94 2 17 70 21 84 56 12 0 98 92 
15 37 93 78 23 11 27 34 75 99 89 92 10 55 98 21 95 59 20 18 37 91 49 64 97 50 87 65 32 90 36 26 82 48 28 74 57 95 49 76 0 37 57 62 47 46 8 26 32 70 25 53 36 70 82 62 76 39 92 45 64 91 42 66 
49 0 95 50 3 87 35 41 66 2 34 85 19 47 55 46 55 37 99 75 83 68 58 70 34 61 65 4 84 12 83 12 93 91 22 14 27 8 49 96 2 74 23 69 4 57 7 34 25 88 15 26 85 93 64 66 33 44 24 18 32 40 7 43 
98 19 84 74 40 85 40 78 39 81 57 14 24 12 40 22 57 83 33 44 37 11 13 46 18 68 90 32 88 35 11 72 75 74 86 75 17 78 99 78 38 55 72 73 49 37 7 29 60 22 45 68 5 96 95 4 27 29 95 56 56 38 22 79 
96 18 4 27 68 64 26 78 38 36 3 33 89 51 95 32 57 72 30 74 64 92 44 46 92 3 82 20 44 56 32 51 15 36 34 64 52 66 26 95 12 48 4 58 42 42 96 39 25 31 5 27 89 18 87 93 92 45 28 83 48 46 9 21 
53 84 20 29 85 81 94 12 88 94 73 8 2 23 51 13 92 37 34 1 82 66 61 72 52 65 53 33 88 87 38 17 36 54 73 58 2 4 54 67 61 60 11 47 92 17 15 59 9 68 13 34 90 33 85 40 47 29 17 6 93 52 54 50 
96 78 30 79 89 4 22 41 7 68 45 47 51 73 96 61 32 94 94 24 41 18 67 57 50 79 88 43 41 0 61 5 60 71 91 60 21 43 75 37 19 23 21 92 89 2 18 34 86 72 68 93 91 86 91 66 20 93 37 58 1 95 23 6 
61 47 48 90 86 48 52 73 17 94 1 91 13 17 6 19 27 78 32 76 48 92 86 12 62 52 45 9 77 74 13 48 39 64 12 23 56 72 93 58 28 23 58 15 51 56 31 36 82 96 86 9 27 8 10 82 59 64 92 63 46 52 66 96 
12 16 69 45 31 65 78 35 20 3 12 52 59 46 45 8 15 90 37 81 2 67 74 98 20 17 82 72 10 21 91 58 43 93 61 83 67 35 8 2 90 98 55 66 76 32 28 20 87 80 3 2 52 64 43 86 72 11 47 52 86 86 58 9 
6 76 33 25 80 53 10 56 78 52 82 85 60 89 13 47 14 58 18 54 57 16 63 38 96 18 26 4 23 6 73 62 21 30 48 11 54 19 49 20 31 92 42 86 22 26 67 74 3 95 27 52 86 94 61 64 76 62 48 2 75 54 79 80 
89 49 36 70 9 14 75 19 34 8 71 63 78 89 75 1 99 9 10 28 29 42 37 13 67 74 65 72 84 93 1 72 22 58 51 24 9 5 70 21 94 35 29 50 80 33 3 60 69 50 10 98 83 37 72 64 53 88 40 80 12 24 26 98 
91 45 42 91 18 96 66 57 48 56 11 10 88 83 81 78 14 11 61 82 24 30 68 11 67 38 3 20 13 94 10 98 68 9 84 58 12 28 17 12 71 20 75 43 26 66 20 72 94 57 73 9 28 10 20 75 81 9 4 56 25 23 21 39 
38 12 27 9 52 81 17 42 0 12 99 5 90 19 73 57 27 66 7 89 87 92 57 80 30 38 72 62 2 44 28 78 49 89 97 8 8 5 1 6 19 54 44 44 28 89 50 63 56 7 11 4 26 36 77 69 55 7 91 23 51 72 54 38 
76 67 27 88 9 87 77 97 3 51 89 97 25 52 82 99 19 68 88 25 51 7 95 11 71 61 12 80 15 20 87 24 84 95 77 15 79 16 26 23 76 15 92 11 63 61 70 80 52 17 95 44 63 60 71 1 99 44 53 32 32 3 51 68 
12 14 43 95 47 42 59 67 31 98 15 69 39 31 47 60 8 29 4 85 46 84 33 24 46 68 12 42 97 89 39 86 33 62 60 43 3 52 52 34 48 28 63 93 49 91 30 12 35 34 95 33 25 2 50 40 21 4 38 89 85 31 2 69 
50 56 21 62 72 11 33 8 2 80 52 94 38 80 10 27 72 75 88 26 90 26 65 17 15 6 58 30 26 56 0 13 76 60 18 39 95 86 43 40 45 40 37 53 52 58 52 50 75 51 62 34 91 93 27 42 29 45 54 62 19 85 58 56 
78 82 83 31 54 38 13 15 34 47 20 16 28 58 91 49 45 72 50 48 66 27 74 76 78 92 8 34 60 41 91 40 65 6 0 31 31 86 3 29 93 80 59 41 79 99 15 7 34 84 16 92 69 58 32 90 79 5 37 12 69 60 27 34 
9 60 28 24 48 50 62 61 5 40 67 27 39 58 56 49 9 60 80 62 38 96 45 97 4 58 57 50 18 91 46 33 73 47 80 17 35 59 97 92 55 56 59 93 1 90 74 7 91 20 13 78 63 73 27 57 12 84 79 15 3 25 89 66 
49 45 36 18 90 84 64 86 34 90 93 86 38 47 38 93 19 12 57 61 54 40 20 33 47 3 37 51 36 87 47 41 58 44 32 31 15 98 19 98 11 31 51 87 0 18 95 34 50 16 14 37 41 77 31 22 18 23 37 19 73 44 88 73 
76 6 3 96 89 56 99 9 61 67 14 5 33 46 62 58 19 72 25 0 87 13 52 84 5 16 64 61 94 88 37 23 6 25 3 13 23 42 87 82 53 62 90 13 95 88 78 39 83 20 57 9 23 51 12 98 15 66 85 47 95 68 57 71 
12 46 14 95 95 57 35 99 6 47 19 57 12 83 90 87 2 59 84 92 15 20 90 61 0 5 62 99 28 55 40 76 7 93 4 52 72 52 24 57 93 88 88 47 63 15 65 62 18 95 68 42 26 6 86 25 18 8 33 79 33 70 78 47 
39 6 51 74 18 64 45 59 74 40 86 30 15 53 88 30 82 22 94 13 80 40 85 14 26 37 79 30 90 20 8 84 31 69 73 28 20 48 94 67 76 46 45 58 2 13 49 72 12 66 54 47 20 40 33 83 54 30 16 73 99 65 1 30 
96 22 95 2 20 1 3 74 91 28 85 56 63 1 27 19 96 13 31 26 4 14 64 64 94 1 84 38 92 38 41 14 77 9 37 29 61 1 5 24 76 92 45 6 17 47 11 13 99 28 82 40 59 42 78 46 65 84 42 23 62 35 68 28 
67 41 59 91 71 71 87 16 83 19 15 50 34 51 31 51 93 79 72 72 13 81 69 53 4 24 71 38 27 30 83 51 65 20 37 66 34 60 5 38 27 33 9 59 21 64 37 13 49 2 58 62 2 79 71 33 27 89 91 61 20 49 9 80 
56 60 66 49 46 54 8 68 32 18 71 9 30 10 64 66 8 5 27 95 30 94 39 65 69 51 70 87 50 60 11 22 24 23 23 16 91 9 31 88 84 22 59 32 29 66 93 7 93 76 74 49 25 85 98 30 90 50 51 88 91 30 87 71 
44 63 96 11 65 52 14 55 88 45 71 72 30 39 83 68 32 26 42 70 31 41 83 88 63 86 28 73 12 55 47 89 0 73 12 74 24 15 17 12 98 71 65 73 40 9 66 24 51 37 8 77 16 4 94 62 75 27 39 48 58 48 74 8 
45 37 53 5 68 19 17 96 98 84 87 4 21 65 18 20 15 48 64 66 4 74 91 53 19 4 97 35 27 0 81 61 74 3 1 5 13 19 69 55 43 75 17 28 68 7 4 83 79 82 57 13 63 73 10 49 87 75 53 85 77 4 75 8 
89 39 33 5 31 31 69 56 34 82 97 21 41 29 95 50 53 36 20 74 85 4 20 97 54 66 89 46 34 43 52 13 39 73 45 72 86 8 1 0 63 35 1 3 32 50 99 57 81 39 10 78 71 24 24 98 29 95 35 94 60 57 68 99 
46 20 64 20 59 34 98 27 8 15 54 50 74 35 80 72 8 21 97 63 43 19 91 55 35 4 88 97 22 59 0 63 50 34 55 25 32 79 91 77 20 23 48 98 73 42 35 42 29 31 45 23 70 49 15 85 96 42 84 99 3 80 7 28 
90 89 2 89 78 50 24 97 25 17 99 88 14 58 95 44 93 41 52 81 32 97 46 48 30 5 82 53 77 28 29 27 71 7 45 94 29 32 30 11 79 18 34 2 13 92 4 41 96 87 36 21 74 83 56 24 70 5 99 90 83 12 90 0 
96 54 36 78 14 39 20 61 59 18 54 30 98 27 23 42 5 80 22 23 66 88 71 16 10 78 4 70 88 80 67 14 46 71 2 3 47 58 2 77 81 52 59 95 45 68 83 19 48 82 26 68 97 31 65 69 78 44 18 9 74 35 91 3 
24 47 73 0 41 38 93 71 56 50 29 1 39 6 0 83 22 52 47 22 84 16 25 70 18 18 76 23 60 49 10 60 87 60 19 49 1 22 23 12 88 27 60 28 82 17 66 60 11 13 55 43 45 88 64 56 16 82 81 20 26 58 97 68 
54 62 60 2 5 47 78 12 58 10 19 65 83 98 58 71 82 42 20 94 54 34 88 95 87 38 84 45 48 27 75 93 6 83 78 28 67 68 86 91 38 65 75 39 3 56 23 31 35 24 59 43 5 79 71 99 37 80 50 29 33 16 8 80 
86 90 95 93 33 37 41 32 43 90 40 25 16 64 29 42 96 25 20 34 12 46 72 39 46 58 51 83 95 16 40 92 75 99 64 87 61 55 73 28 74 26 30 57 36 5 5 36 86 46 74 15 61 19 68 83 91 97 94 13 49 23 8 50 
97 41 77 69 33 69 1 91 86 69 60 14 49 35 66 43 0 83 46 51 94 87 86 85 16 17 29 62 43 45 91 90 47 50 78 95 95 76 82 4 64 68 80 60 81 95 20 45 27 12 60 60 13 70 78 43 48 46 38 79 93 3 97 7 
69 96 38 53 90 71 2 20 51 60 56 68 98 17 23 51 50 97 76 48 0 26 24 62 75 92 50 14 39 89 87 42 33 72 11 0 17 46 59 15 52 88 56 36 62 47 28 16 47 62 30 50 62 66 53 89 6 23 12 5 21 78 24 55 
76 55 23 58 78 82 69 88 90 79 66 90 47 71 98 73 86 86 17 10 90 19 8 1 93 75 46 19 31 30 16 57 44 55 46 77 96 42 46 68 66 69 52 25 31 93 85 66 12 75 95 53 54 63 25 6 91 88 38 36 58 46 91 21 
33 77 34 48 34 11 44 46 8 73 23 97 96 52 46 94 64 79 53 17 41 77 48 59 21 17 17 8 92 37 6 47 50 9 5 75 86 32 2 47 39 37 35 98 40 24 12 2 11 68 74 20 95 82 74 97 38 24 51 95 10 67 80 50 
8 34 5 18 51 46 25 59 43 67 36 60 10 6 43 93 97 32 57 20 4 61 14 12 39 87 84 77 40 57 41 79 94 26 67 25 89 24 15 46 77 29 58 80 78 53 7 25 5 44 65 87 20 79 52 67 67 39 51 47 10 14 69 77 
41 36 58 41 20 46 78 79 97 49 96 37 31 81 17 80 99 12 15 60 42 67 65 47 31 88 81 24 49 19 57 46 80 7 1 64 92 84 41 99 78 36 47 6 55 23 0 82 72 12 19 47 76 65 28 92 98 54 14 99 99 75 80 40 
88 13 51 68 97 76 41 53 36 58 27 65 5 70 44 77 60 48 21 81 61 34 49 77 9 89 26 22 25 47 75 55 4 92 1 76 51 3 65 94 17 95 87 65 21 99 93 50 38 16 96 16 21 57 29 67 84 21 8 33 16 38 28 32 
