48
95 62 2 16 91 69 63 91 52 20 7 56 37 13 97 92 63 66 79 26 80 71 15 2 88 81 29 8 31 59 55 25 78 91 36 28 94 98 88 82 99 56 62 32 29 72 99 42 
53 44 11 21 94 37 79 53 40 5 6 42 31 13 6 29 54 95 34 40 1 26 57 54 37 90 58 28 98 94 67 65 95 4 33 42 96 0 14 39 64 53 18 5 91 42 0 93 
74 16 21 38 95 33 95 47 32 25 79 88 7 89 21 51 36 55 2 54 50 0 68 21 68 9 38 18 48 80 94 30 40 94 60 58 42 91 18 70 22 82 38 3 73 8 13 35 
55 44 60 84 43 17 21 17 13 44 45 53 34 64 48 22 87 91 51 69 34 20 37 89 29 52 30 22 51 31 42 61 22 79 57 86 27 75 24 69 97 82 55 9 48 34 18 39 
38 86 35 11 48 76 14 70 27 11 99 69 99 13 41 1 20 37 40 88 80 46 34 84 81 63 28 11 3 30 88 64 19 36 83 76 63 78 55 36 87 44 86 87 45 16 94 20 
73 42 82 0 51 73 15 54 93 85 21 7 50 56 41 77 25 59 19 59 36 72 57 47 68 11 42 53 2 86 77 72 76 60 90 68 14 74 35 55 89 89 9 4 82 96 2 22 
40 63 7 29 95 88 83 36 56 74 75 83 6 28 70 19 23 6 80 0 65 7 86 72 69 57 56 59 74 86 51 27 76 3 96 73 35 24 55 65 10 39 49 20 16 78 96 64 
53 37 44 70 63 41 87 3 46 24 15 96 51 41 84 5 65 15 33 76 84 90 55 96 37 74 77 85 40 4 92 67 30 43 35 48 89 12 71 38 2 91 12 38 28 11 44 94 
58 68 10 14 27 11 64 76 87 58 18 85 71 30 46 68 38 11 39 26 75 44 98 72 74 41 13 54 42 2 77 72 33 97 84 71 88 99 54 85 79 71 12 30 49 24 10 44 
45 82 15 34 4 21 4 77 55 82 30 27 0 48 13 58 13 46 21 38 70 90 9 55 85 50 67 90 77 58 95 29 87 87 72 78 56 95 81 41 39 83 53 47 23 11 69 4 
82 96 43 91 74 88 56 42 89 22 92 77 20 32 90 5 80 79 20 90 92 66 92 76 23 64 88 7 11 4 48 10 80 54 58 20 99 17 16 34 95 27 38 76 53 85 43 27 
84 33 58 39 39 46 2 71 56 11 95 86 23 11 60 33 28 85 32 7 94 16 45 4 63 70 54 75 53 99 90 51 15 53 14 45 38 30 15 4 92 99 40 26 79 72 59 19 
40 84 51 69 18 55 3 79 1 31 82 54 71 52 87 41 5 44 61 20 21 76 66 45 97 89 73 56 92 23 26 82 65 12 83 69 24 0 82 91 77 40 20 36 68 18 33 9 
86 81 50 55 99 66 21 33 53 83 33 8 14 84 48 57 19 12 10 72 43 17 81 80 31 0 43 86 71 39 57 4 59 17 85 43 49 46 30 24 66 60 48 65 48 74 15 28 
38 88 82 94 24 12 5 62 31 48 64 75 77 92 91 88 62 59 18 27 34 30 42 35 78 61 67 84 47 19 65 23 70 25 78 54 58 58 82 61 5 54 58 32 21 33 55 31 
80 0 22 1 98 51 73 80 27 53 13 12 26 57 31 54 60 98 82 37 82 67 7 70 25 45 57 77 0 6 36 24 57 66 52 39 39 69 78 85 68 57 98 98 85 82 45 66 
90 55 39 83 84 39 86 3 15 42 69 78 18 31 71 63 42 80 68 57 30 60 87 20 68 84 46 10 30 16 11 50 45 13 8 51 63 62 77 94 72 8 30 50 10 44 16 8 
97 59 7 28 9 36 82 23 53 6 66 11 94 0 88 69 18 84 97 54 63 44 65 18 50 44 5 26 64 88 95 12 79 61 3 12 40 37 60 89 50 80 53 27 24 38 34 33 
75 23 98 32 73 29 94 23 98 29 78 9 33 77 16 17 93 58 82 92 51 50 60 87 19 77 75 59 62 10 27 41 93 46 8 76 57 16 83 98 92 39 59 64 93 37 6 33 
65 85 28 34 88 1 96 75 28 18 97 34 0 72 67 74 93 25 94 51 82 47 90 9 89 99 74 23 75 58 50 63 85 6 76 95 58 32 46 2 20 22 38 2 55 84 32 50 
77 9 84 73 41 4 73 62 35 44 98 37 76 18 12 91 19 22 9 54 31 41 87 37 45 21 62 20 90 78 56 43 91 94 87 81 77 77 33 23 3 91 99 7 27 34 24 45 
45 0 90 49 63 2 67 31 38 56 97 3 62 50 56 59 25 6 46 8 86 76 14 50 38 55 22 33 21 70 62 65 5 16 60 25 71 76 89 88 87 66 60 24 79 87 40 8 
41 76 97 2 30 90 47 94 54 76 57 54 25 74 33 24 85 59 97 45 31 24 47 44 28 64 38 3 72 83 4 57 90 93 56 50 38 79 25 68 21 99 86 23 52 86 58 32 
12 68 4 78 14 60 75 87 21 61 19 7 17 20 23 71 99 91 0 45 5 39 32 78 41 8 45 48 45 50 1 3 53 32 29 60 28 32 46 94 38 33 20 73 51 55 15 72 
18 50 96 14 61 38 68 65 4 61 49 32 33 26 49 96 82 94 69 18 46 70 88 55 43 73 16 77 66 68 62 14 14 17 64 30 42 8 9 22 9 32 62 72 11 34 8 27 
6 55 27 61 56 65 88 12 88 89 87 6 81 52 48 51 82 8 77 29 89 44 70 16 71 61 12 8 76 1 68 4 64 70 39 9 69 25 23 44 97 83 29 25 97 89 59 29 
8 35 14 87 29 92 56 79 4 43 3 95 87 61 50 36 18 63 34 81 34 1 81 55 63 53 67 14 73 43 93 23 51 91 91 31 7 15 7 63 34 98 84 54 89 20 38 49 
71 43 14 30 90 3 50 21 84 39 68 76 50 64 79 93 59 68 92 10 79 0 39 69 59 63 90 5 58 7 3 41 3 85 29 60 66 21 58 27 17 56 44 76 31 83 81 0 
84 57 86 7 24 64 35 19 14 65 66 31 57 82 99 51 94 82 3 42 41 40 16 19 66 84 84 13 61 76 71 62 1 46 40 63 10 40 65 27 31 28 46 73 26 65 40 99 
84 85 62 45 44 25 81 51 40 28 54 65 79 94 21 53 44 20 10 82 70 46 63 91 45 5 28 63 11 0 87 45 44 18 36 77 50 22 5 90 45 91 72 34 98 79 98 19 
92 54 41 52 52 51 41 53 42 39 91 64 89 55 79 70 36 14 36 93 32 8 8 16 90 17 18 28 13 1 83 98 13 60 0 60 7 35 5 64 77 55 64 69 94 82 26 88 
7 76 47 66 17 42 53 33 44 3 74 60 5 49 92 53 79 31 83 7 64 18 54 73 10 28 46 65 14 69 82 61 97 93 28 56 14 62 70 78 33 21 58 86 50 39 64 1 
18 74 98 60 42 99 75 34 97 35 57 86 0 71 92 60 83 28 63 10 75 91 93 29 58 5 38 14 75 99 13 80 98 2 58 28 98 20 49 61 10 79 9 78 65 62 64 13 
71 89 56 61 83 81 55 76 48 21 24 27 44 57 41 80 88 14 78 23 11 71 19 76 9 0 51 25 64 0 73 12 26 57 95 40 94 79 39 33 69 85 6 66 10 37 69 35 
14 91 10 4 50 34 87 85 26 15 82 80 26 75 77 65 12 15 57 13 26 23 23 10 43 0 71 94 73 59 13 27 41 8 26 64 30 71 79 11 33 23 90 35 74 57 66 33 
65 92 25 54 0 47 5 87 9 26 99 73 24 7 4 35 89 29 23 67 52 44 8 99 46 56 15 26 45 87 41 70 69 79 96 7 34 92 62 82 90 44 59 52 27 76 83 11 
74 23 44 72 39 19 54 79 65 59 70 12 91 69 5 18 69 84 57 97 68 18 74 88 8 53 70 46 76 28 47 92 53 97 69 36 40 21 49 56 70 80 62 94 79 83 0 36 
35 68 56 0 9 45 12 98 57 26 16 45 68 37 69 4 28 11 11 75 39 26 92 47 38 10 99 51 33 37 36 72 80 22 29 84 14 33 26 35 31 38 73 82 41 8 72 89 
48 54 85 68 31 70 33 95 55 41 54 64 70 63 86 54 8 75 24 0 62 78 74 38 29 1 54 40 95 6 18 62 90 6 47 68 56 33 70 0 66 61 74 81 74 0 70 47 
64 90 42 5 54 32 93 58 51 80 94 96 38 65 17 75 72 10 94 55 51 74 19 10 31 67 27 85 60 38 91 33 82 43 66 66 25 59 38 32 8 58 13 14 24 90 87 84 
95 82 68 0 0 35 58 21 35 15 69 81 44 91 79 18 24 43 5 60 84 54 63 41 10 84 84 74 4 45 28 77 40 22 7 4 54 15 21 66 72 51 21 21 43 29 64 93 
20 78 29 15 34 3 18 46 0 29 50 67 80 50 78 59 53 79 71 79 62 33 37 23 3 66 38 53 65 82 31 98 52 2 76 10 8 52 52 41 70 61 19 37 56 88 99 4 
68 1 22 68 15 98 22 2 1 29 80 60 53 19 48 69 26 13 41 3 78 18 21 96 12 81 51 30 57 25 56 6 67 42 42 36 42 39 32 34 36 50 72 58 16 4 58 90 
48 55 85 15 43 14 92 70 42 36 15 68 42 24 85 40 52 73 42 43 74 98 14 67 14 85 25 69 97 89 10 90 44 55 39 61 87 10 87 3 48 95 54 71 32 76 2 90 
86 19 99 12 72 48 46 9 77 45 31 63 45 22 13 83 28 65 11 19 67 7 24 92 66 77 4 45 79 90 30 76 72 18 7 24 11 5 58 93 27 58 34 88 63 91 56 7 
51 62 49 37 11 53 92 31 32 74 34 12 2 31 51 47 12 18 4 26 20 77 74 1 2 45 75 94 20 96 66 61 68 57 14 25 6 19 2 38 70 67 31 49 74 73 47 73 
5 10 90 80 2 47 76 59 76 33 93 59 79 52 25 85 33 70 85 73 45 67 20 67 88 67 3 59 14 5 79 16 66 86 35 3 90 5 70 90 67 90 20 23 1 1 87 39 
49 54 94 82 59 76 80 24 70 19 46 27 82 47 62 27 45 66 41 86 35 10 98 94 69 5 89 88 98 89 38 72 52 1 49 59 68 13 31 36 80 34 13 48 84 23 9 90 
