31
21 70 5 10 62 90 70 31 15 28 30 15 84 75 61 15 78 22 49 45 50 68 27 28 8 31 55 79 96 98 97 
97 35 25 28 51 40 13 94 32 39 26 71 86 36 75 71 85 85 52 63 26 33 5 44 46 53 14 94 13 13 99 
32 58 68 15 66 89 86 26 1 80 42 52 90 15 48 24 1 74 21 98 61 45 98 94 81 69 32 51 35 98 45 
23 13 69 60 63 94 79 79 75 6 35 26 33 30 77 92 48 7 56 94 81 44 83 88 53 44 41 61 61 70 47 
43 23 1 94 67 86 0 62 99 2 62 97 61 45 24 81 10 82 12 50 40 1 30 64 56 87 67 50 4 4 69 
7 12 11 50 46 9 23 0 17 24 97 17 30 93 5 97 39 15 26 17 0 43 36 29 91 10 77 99 4 13 65 
78 15 20 71 20 28 87 7 43 45 71 25 75 63 40 24 2 79 49 51 58 63 76 32 49 58 37 65 71 80 40 
24 24 15 69 43 61 40 15 48 68 2 62 50 68 74 60 71 31 48 52 34 35 5 21 25 8 26 21 80 61 76 
61 40 59 75 50 71 71 58 46 45 11 96 5 52 23 45 8 21 26 22 11 64 4 8 43 38 60 42 31 6 39 
42 16 89 24 58 29 71 95 86 37 91 41 98 91 3 57 99 31 98 9 39 43 35 28 35 75 99 52 8 71 22 
78 69 58 55 70 5 94 23 69 84 2 84 8 73 49 35 94 8 63 3 59 85 67 40 89 2 91 81 29 48 88 
10 98 41 17 15 81 67 86 34 72 49 38 28 34 48 74 71 38 88 99 99 16 25 88 63 77 57 24 67 6 87 
86 65 98 3 42 5 77 53 69 14 34 88 18 46 79 76 31 57 92 64 51 63 21 26 18 84 12 80 7 34 31 
1 70 22 92 97 34 52 91 19 94 25 21 49 40 6 73 81 28 67 45 66 83 54 88 73 39 47 72 24 34 65 
24 54 72 7 86 13 59 44 10 72 66 52 2 36 78 69 2 87 76 59 57 52 3 8 28 74 26 72 83 23 91 
32 70 97 19 42 41 5 74 89 90 33 84 91 33 77 62 70 98 89 55 79 60 57 18 82 26 12 17 86 22 71 
28 0 43 47 84 4 0 63 16 28 16 94 93 55 21 36 30 85 15 15 18 8 2 69 74 31 80 92 92 7 33 
31 51 52 34 48 74 30 85 70 47 1 79 94 12 58 67 18 40 95 91 63 9 82 58 40 62 88 13 74 16 85 
8 35 7 93 4 83 10 34 50 99 81 75 95 38 66 57 75 29 18 64 25 83 55 81 1 62 14 72 69 65 21 
98 82 67 47 26 87 45 71 49 32 92 48 66 40 30 2 19 93 79 59 78 1 96 96 9 59 87 10 59 1 78 
46 12 77 71 33 95 34 45 62 78 87 3 14 27 35 61 13 70 21 15 62 95 16 45 17 74 60 0 35 62 31 
13 56 36 31 60 56 1 97 81 30 91 22 54 9 25 47 48 74 33 10 85 37 51 57 39 70 28 47 52 79 40 
13 53 18 54 68 41 11 55 48 43 40 27 31 95 83 40 8 87 6 71 70 65 59 85 40 82 62 3 34 87 3 
66 3 87 36 90 54 29 92 30 52 31 80 50 0 53 15 97 63 49 5 78 63 96 84 53 50 33 18 42 91 73 
43 7 96 87 0 52 83 58 70 13 12 66 49 83 46 64 84 75 38 43 34 44 13 20 35 96 81 61 65 91 54 
94 79 92 71 12 59 16 17 56 53 0 77 48 31 3 1 13 76 99 15 33 85 38 50 11 66 9 27 86 4 84 
37 34 43 7 95 31 91 34 93 61 45 96 18 21 19 87 40 82 70 56 70 2 7 73 24 92 28 77 40 99 30 
42 86 66 36 63 77 64 40 77 42 30 61 57 58 24 57 33 4 77 25 38 21 35 56 23 48 67 81 27 66 81 
0 49 67 1 0 65 43 26 94 15 23 20 51 29 56 13 24 94 65 13 51 82 18 96 59 25 58 28 9 75 19 
48 13 6 30 27 32 60 28 74 19 74 51 6 34 98 41 10 56 26 43 5 15 12 37 68 88 82 6 28 56 6 
18 87 62 15 3 8 5 1 0 28 62 72 83 84 38 12 87 13 62 81 94 4 45 26 56 40 20 16 79 81 42 
