32
89 26 87 42 80 17 20 18 18 33 43 27 7 29 90 52 20 24 47 54 66 41 29 39 96 54 39 8 33 87 14 62 
19 3 66 24 42 30 3 64 1 53 11 31 67 54 28 51 6 20 52 68 45 28 29 55 25 11 58 87 37 61 77 85 
27 2 55 87 47 92 22 13 24 72 46 66 78 86 66 94 98 52 42 97 89 82 34 11 67 93 58 42 45 39 62 18 
99 28 86 91 96 35 63 22 71 78 52 86 82 27 19 46 27 16 16 97 59 75 92 73 8 57 92 88 63 65 57 97 
77 20 24 16 92 98 74 57 14 88 30 43 91 14 8 33 4 69 2 79 2 43 62 59 79 58 31 14 19 78 41 26 
67 38 24 57 87 7 45 96 41 26 7 91 52 55 41 73 31 18 57 76 99 22 30 51 59 77 31 56 98 92 71 53 
40 91 30 38 30 97 26 74 33 98 32 76 26 78 41 81 35 28 40 35 30 15 26 24 34 5 25 9 27 33 35 58 
28 43 31 37 17 43 42 35 40 22 23 82 28 71 10 21 43 2 99 85 46 4 27 90 51 42 28 14 47 47 37 22 
79 68 21 4 19 7 13 40 67 22 38 71 54 66 66 77 45 40 74 82 95 43 29 62 21 88 20 87 38 76 12 0 
24 72 66 71 41 95 34 23 10 81 93 89 82 35 46 13 28 11 14 18 30 6 19 14 62 97 5 59 71 25 50 48 
89 15 74 8 2 12 59 41 77 95 82 60 14 25 69 30 0 58 10 72 55 91 86 36 1 66 84 67 70 6 61 26 
1 16 3 25 79 35 42 7 89 93 35 38 30 38 5 74 97 70 98 65 85 55 94 74 26 17 48 67 44 99 6 22 
36 83 95 78 96 50 84 80 4 18 63 12 47 76 72 75 27 70 79 64 92 46 19 62 52 85 13 70 49 96 64 0 
14 41 49 92 3 42 37 96 71 98 54 9 80 77 71 16 30 51 36 78 33 12 65 44 45 51 99 25 84 37 57 61 
95 93 6 23 19 75 72 87 59 46 65 35 54 75 70 37 50 52 97 63 0 57 39 78 88 50 51 67 98 53 15 35 
15 56 77 23 14 40 30 54 58 65 35 63 84 11 9 34 55 25 42 74 80 80 50 53 57 59 24 57 74 94 59 88 
18 97 78 75 88 87 16 27 74 92 24 9 99 5 99 16 73 83 32 12 86 15 30 62 36 57 95 51 13 99 69 59 
36 96 29 68 58 63 3 68 21 30 73 56 63 21 25 77 40 97 54 25 29 81 63 51 17 72 38 85 14 23 56 96 
5 94 90 18 32 11 50 76 17 68 44 21 31 63 55 23 84 35 32 53 22 61 1 26 28 13 35 62 30 95 34 52 
98 74 62 68 41 61 11 82 48 5 7 55 76 99 13 61 53 22 6 83 32 81 75 74 89 59 93 67 36 36 45 53 
29 93 84 19 13 63 68 37 56 1 2 63 85 76 30 91 12 57 21 43 96 3 98 60 96 54 97 87 25 52 38 89 
19 78 37 70 2 42 55 86 47 85 23 25 18 60 32 61 31 81 36 47 50 44 74 22 13 59 74 47 13 88 85 26 
48 21 56 15 61 90 44 18 99 88 84 57 64 9 61 35 7 85 51 97 17 92 79 49 88 2 44 3 54 76 53 46 
8 3 77 3 12 59 1 14 71 35 52 22 87 29 58 10 8 70 91 69 13 95 56 10 70 81 19 23 47 16 43 88 
0 12 20 21 71 65 64 65 98 9 76 21 62 66 42 45 71 7 19 25 99 13 46 52 53 87 3 98 34 59 95 81 
78 30 89 15 69 72 26 11 26 30 3 97 82 21 19 55 58 88 51 87 63 30 61 19 66 5 89 93 27 91 29 95 
83 27 1 50 19 12 71 0 2 99 69 59 38 63 95 62 67 42 52 47 44 86 53 27 61 41 45 55 52 3 5 4 
84 19 51 65 77 61 71 72 50 7 90 71 47 50 3 41 8 64 72 59 90 8 82 64 75 99 9 81 14 98 10 22 
43 81 0 94 21 10 81 39 33 75 62 12 93 58 51 45 74 87 41 17 98 82 15 47 30 45 71 39 75 69 81 27 
6 25 98 98 58 57 51 18 77 82 82 11 10 29 14 80 98 66 79 69 96 50 33 86 95 58 66 44 87 45 74 78 
7 32 19 64 38 8 43 63 77 92 65 28 33 50 62 84 70 25 8 44 59 6 24 99 67 95 86 49 77 96 41 79 
52 9 94 10 13 41 41 8 85 26 72 35 92 65 73 72 20 49 74 98 8 88 28 33 84 98 76 70 58 75 17 99 
