32
82 95 84 34 28 90 93 34 75 52 45 83 51 96 99 74 56 13 95 39 22 3 30 37 86 74 23 6 64 65 63 70 
19 84 15 38 62 39 47 51 89 27 2 9 5 90 26 70 89 67 18 15 12 56 34 63 72 61 64 82 2 34 56 38 
81 17 87 94 50 45 93 88 53 99 53 93 77 67 58 62 53 79 39 54 83 32 97 19 23 70 85 7 61 4 49 25 
5 40 63 12 16 93 33 36 32 46 37 99 80 38 9 63 38 35 80 76 25 28 31 60 39 9 66 88 69 29 39 2 
43 99 69 91 24 26 70 20 61 21 71 0 82 32 98 45 45 77 39 13 60 64 32 88 51 82 22 61 2 60 92 25 
9 76 71 59 14 72 77 63 5 17 99 50 51 84 26 64 56 43 25 53 14 14 41 80 84 12 83 78 37 39 50 28 
66 52 94 65 34 44 37 18 39 32 33 11 63 22 95 67 63 2 30 13 53 5 49 79 29 73 11 19 92 14 41 61 
96 19 81 95 40 38 98 41 84 79 88 58 91 91 95 79 9 46 73 35 40 38 76 7 79 31 6 17 44 37 23 36 
7 57 58 47 76 25 64 40 72 9 38 39 97 50 85 43 91 79 39 65 26 51 58 97 57 84 74 63 42 69 26 11 
20 90 67 80 90 65 39 58 18 36 49 46 22 28 18 29 28 13 32 54 85 36 84 88 64 14 74 0 72 78 73 80 
11 82 33 66 43 62 16 71 70 63 25 0 67 32 45 34 21 52 80 42 72 39 5 49 59 50 25 74 59 34 49 59 
7 13 76 65 61 25 58 57 77 41 4 59 6 23 94 89 21 43 99 65 79 55 89 56 27 36 40 17 92 63 21 26 
8 14 67 17 17 42 34 30 99 40 48 17 37 55 29 16 81 24 60 92 13 53 1 1 67 44 91 67 25 25 69 7 
56 71 40 91 12 91 7 35 75 94 91 41 22 15 83 60 16 6 21 37 28 19 80 63 4 18 25 85 40 67 1 10 
72 70 13 49 32 27 89 43 78 9 79 63 19 32 23 80 63 84 56 6 67 57 34 38 65 5 59 36 3 5 10 64 
58 93 55 93 66 47 96 95 47 55 64 59 26 85 1 41 86 75 86 6 50 9 83 68 27 55 70 63 96 68 66 53 
42 38 93 98 87 93 88 27 35 53 56 37 9 91 10 39 28 23 42 53 21 6 32 43 62 15 51 94 89 19 24 97 
63 86 65 36 45 17 66 10 29 15 5 62 22 28 48 13 65 93 49 87 36 5 24 8 93 48 45 93 32 51 21 87 
42 57 61 51 86 94 61 93 86 69 60 76 79 43 90 93 58 75 96 80 59 28 39 26 52 48 75 64 52 11 31 24 
26 95 66 52 8 48 70 4 73 35 53 25 27 53 93 88 7 81 93 60 62 39 18 54 48 13 40 87 60 71 45 48 
92 4 44 69 77 71 40 50 3 40 52 16 97 65 79 57 39 9 96 72 73 53 64 40 69 24 33 83 6 20 51 58 
8 16 10 80 51 65 55 40 3 42 44 85 71 48 58 22 23 30 39 7 76 58 9 99 26 41 2 62 61 22 53 19 
56 91 14 52 68 51 59 86 82 68 50 61 80 81 57 11 38 56 56 69 59 55 25 84 16 40 50 18 28 95 20 70 
79 72 90 41 19 35 84 35 96 37 54 6 51 88 45 46 8 34 32 10 82 7 45 54 10 77 31 34 5 25 99 64 
11 13 79 55 91 72 23 92 79 50 60 82 6 18 28 53 3 66 95 2 62 70 68 83 41 32 55 50 99 96 95 97 
4 56 69 2 34 87 99 9 70 80 75 91 44 86 85 88 64 50 72 78 1 21 34 5 44 1 15 83 6 83 7 85 
83 34 7 75 83 51 33 69 55 5 25 67 29 76 8 65 74 59 45 0 80 19 51 72 56 95 30 63 2 86 94 47 
84 84 30 24 90 56 51 33 39 6 32 25 77 17 42 94 54 26 72 14 35 25 40 78 16 44 90 72 71 29 47 76 
90 16 2 83 38 51 63 37 81 23 73 85 20 45 50 47 3 73 54 31 3 90 28 5 73 66 17 49 33 26 83 71 
94 7 95 59 97 32 96 56 29 44 71 16 86 47 44 66 83 65 71 67 98 55 24 29 2 34 44 90 72 22 48 17 
99 57 61 48 62 69 27 7 12 5 0 8 11 3 8 5 46 69 62 90 29 78 10 59 60 17 3 27 32 19 89 2 
5 94 95 6 45 20 55 69 50 61 70 3 3 41 95 56 89 79 16 72 9 26 4 31 23 93 70 96 73 8 47 49 
