41
52 45 72 88 59 41 28 48 51 91 46 86 45 33 8 41 79 62 78 2 77 47 76 44 31 34 70 7 4 65 86 76 55 95 8 72 19 11 74 14 99 
2 39 79 7 60 70 37 73 50 52 96 12 48 82 69 41 86 34 33 42 1 17 26 68 32 21 13 94 52 57 48 69 97 46 26 81 38 95 54 14 56 
57 89 78 12 48 81 60 16 81 55 96 21 68 99 6 39 87 19 18 45 94 70 5 83 67 60 25 50 2 52 15 27 89 81 77 68 5 82 36 12 28 
61 36 10 48 75 71 82 10 6 64 8 36 95 68 58 45 39 44 72 83 90 47 3 4 32 40 51 45 29 35 6 47 7 96 23 68 9 24 60 94 70 
36 77 0 81 74 84 50 73 99 89 30 34 63 35 93 71 95 10 61 13 76 46 6 65 53 17 68 46 47 88 78 64 43 50 53 1 82 31 36 45 68 
5 0 93 46 5 5 32 29 16 60 59 49 80 1 7 12 7 36 78 44 80 95 30 19 6 31 54 20 33 20 11 81 90 52 46 29 51 88 29 44 45 
22 35 78 44 79 10 31 37 4 52 70 46 1 22 22 34 22 62 10 35 46 23 4 50 62 99 83 87 6 41 79 78 35 40 88 97 9 17 44 32 13 
41 6 11 12 19 82 16 82 73 65 29 5 25 15 1 27 97 89 71 71 36 26 2 76 3 26 49 59 56 34 67 34 89 15 43 75 21 80 16 8 85 
60 87 6 18 92 2 33 3 27 40 46 22 93 62 96 0 53 39 1 23 76 19 12 83 90 31 51 96 85 68 99 0 64 49 98 93 13 9 62 74 92 
30 8 27 80 85 95 90 49 74 70 10 44 71 22 0 18 8 16 57 39 35 64 11 40 79 78 85 93 27 70 22 25 53 61 44 3 8 70 82 37 47 
87 13 40 15 44 23 12 5 30 78 36 82 94 77 74 61 81 16 27 75 95 62 81 73 49 15 58 53 92 40 46 22 48 29 86 12 54 45 3 37 77 
65 95 67 4 7 38 78 85 25 21 73 7 99 64 37 47 50 61 79 93 43 75 63 13 16 21 73 76 22 32 44 76 5 95 62 57 57 73 8 36 61 
14 18 54 97 31 55 36 52 9 35 5 80 88 90 82 80 49 71 55 38 67 53 12 98 94 42 38 22 34 41 20 50 6 46 22 87 30 74 96 33 72 
47 17 39 87 79 2 92 1 77 90 44 71 54 73 4 91 35 25 39 98 51 33 38 76 23 57 62 96 17 3 13 19 19 32 43 45 22 70 84 11 56 
94 85 88 69 75 43 61 58 69 99 53 28 5 99 50 36 58 70 46 61 81 85 54 34 86 29 9 43 74 49 42 2 53 32 91 20 41 32 62 70 43 
60 86 69 18 63 99 50 61 66 15 75 9 55 41 40 43 65 40 29 6 45 14 34 21 50 80 25 61 61 85 79 81 12 57 50 77 25 63 67 51 31 
48 97 0 33 5 54 16 10 17 2 85 66 55 21 58 51 50 29 5 4 94 42 61 11 79 75 34 62 30 63 35 61 41 24 54 66 4 11 36 77 98 
72 1 11 1 25 58 31 25 52 74 36 12 34 90 50 68 64 61 84 0 56 73 51 64 96 11 30 79 99 44 78 19 21 56 28 56 26 71 93 94 74 
3 17 33 12 85 57 7 53 21 0 17 21 61 50 72 89 55 85 47 11 78 24 85 15 38 93 8 7 56 78 57 67 98 39 80 79 45 28 89 26 36 
55 13 79 4 86 55 43 41 55 34 51 36 44 15 55 85 26 9 72 41 85 89 59 73 47 53 72 34 26 9 42 68 80 84 80 13 82 49 61 66 97 
30 13 29 37 38 17 83 39 47 82 59 3 67 93 33 55 72 70 44 44 96 23 85 95 22 64 40 7 7 45 90 85 81 79 66 25 62 45 62 17 54 
68 29 76 98 19 46 5 41 1 72 2 89 51 41 80 39 9 22 72 73 85 37 25 37 89 18 77 70 67 8 35 98 10 35 87 11 27 3 68 24 6 
25 19 97 55 38 83 35 74 78 51 18 51 22 12 52 50 89 20 54 7 93 1 35 45 38 17 73 15 45 64 41 92 91 36 19 8 61 81 15 60 64 
42 14 45 66 86 44 54 35 84 16 9 19 51 86 49 25 42 45 49 5 9 16 76 46 32 36 36 94 68 97 25 16 73 11 32 41 48 87 78 1 98 
65 60 56 1 49 80 64 73 19 66 16 72 61 24 63 72 63 60 97 30 18 69 23 93 10 45 31 68 23 65 30 33 31 38 21 63 93 61 35 59 98 
50 97 79 40 71 9 80 77 0 29 14 86 11 64 34 33 74 11 16 67 20 94 31 10 93 90 66 38 73 11 32 6 17 98 64 42 11 4 35 6 52 
28 44 30 99 95 36 56 72 59 14 66 26 33 73 1 58 59 84 57 26 18 95 92 23 25 10 25 68 65 83 41 79 20 84 36 17 1 30 58 38 49 
24 18 11 20 10 5 6 71 83 80 7 59 29 8 12 20 61 50 6 51 21 6 35 10 99 37 58 73 41 16 34 82 17 22 60 90 8 69 7 3 6 
60 85 95 30 37 16 27 61 73 6 54 76 10 39 97 11 6 94 23 40 1 23 81 45 93 64 91 64 2 14 83 97 94 59 4 1 91 74 60 38 7 
28 94 58 49 38 6 2 65 28 27 24 54 21 96 81 45 4 88 45 20 31 83 52 0 66 49 47 71 0 97 20 74 99 96 44 94 22 58 59 32 40 
34 41 47 51 1 43 85 91 68 36 29 58 23 52 12 17 58 72 77 48 55 60 11 35 83 41 74 33 95 18 69 51 67 42 51 98 77 41 1 89 19 
17 80 34 34 91 64 52 84 59 40 44 6 17 3 36 95 30 4 64 53 11 18 40 98 85 94 59 56 98 77 79 13 87 3 85 41 31 58 72 58 77 
9 74 42 19 52 71 85 99 1 99 2 2 97 83 47 51 73 52 21 54 57 68 95 47 30 85 4 83 60 40 36 58 55 55 91 34 4 20 68 95 92 
14 4 12 64 89 71 31 59 10 26 53 41 37 32 45 38 80 19 31 40 61 38 45 31 95 48 98 41 26 16 59 78 53 0 59 14 62 5 15 66 57 
89 39 41 29 76 0 79 92 37 47 77 78 13 75 44 34 50 67 33 93 61 3 10 20 30 81 82 96 74 47 91 1 87 53 17 36 88 81 84 75 91 
24 10 91 20 23 39 44 89 34 62 2 72 50 97 39 18 5 82 25 36 45 88 46 64 37 13 75 59 72 49 79 45 92 33 5 27 43 95 89 16 58 
2 52 8 13 18 33 87 23 97 33 45 23 1 4 75 33 81 45 61 36 60 61 91 45 37 99 63 96 81 97 1 7 75 47 85 20 58 88 98 44 62 
15 56 90 89 2 21 40 17 39 34 62 78 29 21 66 70 10 55 97 77 11 70 17 3 96 80 30 13 10 19 74 43 15 46 93 5 2 6 22 93 44 
55 70 73 59 2 3 71 97 15 92 38 77 8 20 41 98 84 80 2 77 2 7 67 14 66 89 12 2 70 19 6 77 51 43 77 51 83 88 74 37 3 
2 4 73 30 88 20 62 57 22 17 39 67 33 34 27 80 70 23 8 25 8 50 21 22 18 25 16 80 21 58 20 0 58 88 76 74 25 50 91 19 55 
63 17 25 98 40 19 72 47 49 42 42 71 70 44 40 3 62 44 13 3 79 85 45 78 42 71 58 52 86 10 7 48 88 31 53 89 37 73 31 5 51 
