96
72 88 77 35 9 0 87 43 0 95 56 50 70 29 78 80 70 38 89 3 72 79 41 95 47 2 94 2 51 82 45 17 89 44 11 74 38 14 18 60 44 78 86 80 49 82 61 2 25 64 34 64 63 61 37 19 12 25 20 25 96 38 82 86 27 12 8 31 87 77 29 56 28 49 0 94 61 2 81 34 39 51 5 21 16 15 27 14 44 33 19 65 20 55 95 94 
61 79 53 94 5 18 11 21 49 28 14 58 6 37 46 71 66 56 85 74 87 69 71 34 28 80 9 34 56 16 77 93 51 14 17 6 23 61 42 98 64 12 69 68 41 63 56 53 11 94 2 83 2 22 56 76 58 82 29 55 71 63 67 19 76 92 68 96 58 74 68 43 75 20 47 70 74 31 91 5 6 61 24 55 6 76 48 13 68 46 23 18 66 63 76 92 
94 86 87 19 50 49 9 13 84 25 6 86 88 47 22 73 32 38 52 31 33 49 61 32 88 68 96 52 88 67 35 97 40 75 41 76 61 58 27 98 29 94 14 48 68 41 82 55 27 20 77 62 39 98 68 69 4 73 47 60 18 40 49 45 98 67 18 51 2 57 52 20 52 63 77 38 93 63 15 1 85 76 15 73 43 92 13 84 6 32 20 64 88 7 2 12 
40 91 22 99 75 53 73 33 63 81 13 37 87 95 85 33 44 45 99 96 62 53 75 42 96 21 16 49 5 90 17 54 58 51 82 33 48 28 42 95 56 67 45 96 88 18 67 30 65 43 68 90 75 30 87 17 68 17 38 54 73 58 92 47 4 53 5 97 82 8 95 81 5 6 62 21 61 44 86 17 45 83 98 96 99 27 33 39 68 19 58 32 21 63 1 11 
74 51 11 82 1 11 23 16 48 57 94 29 45 73 59 32 74 68 85 14 37 7 89 70 99 16 20 3 57 97 5 6 60 41 5 45 24 27 24 74 28 40 63 56 38 93 3 9 82 35 74 11 86 80 3 56 84 87 21 54 96 24 71 61 30 45 30 54 8 29 96 12 64 40 29 53 64 64 81 10 20 7 80 20 69 81 42 44 17 29 8 10 74 40 33 19 
80 54 58 44 32 81 67 43 6 84 18 89 36 2 95 85 31 84 67 61 35 93 83 11 53 33 25 51 17 60 81 24 74 73 65 4 0 91 19 86 5 1 20 39 93 78 10 53 25 67 60 37 20 78 94 47 7 31 20 68 94 82 84 28 56 4 84 62 90 47 74 5 53 46 30 56 28 42 50 78 13 96 22 81 75 86 79 66 33 48 86 50 87 64 94 23 
26 35 58 65 7 85 13 88 62 87 33 44 53 40 95 25 62 81 1 5 80 74 70 26 70 11 34 9 4 0 26 61 17 45 55 94 2 85 88 35 15 97 27 75 55 17 25 32 22 12 13 64 96 47 14 93 6 77 84 44 32 4 82 87 79 78 95 37 28 54 47 15 70 75 46 24 26 18 3 37 40 41 27 11 51 27 60 94 13 64 5 96 44 77 88 16 
93 83 83 33 20 42 38 79 74 82 5 24 39 5 6 79 24 91 86 21 52 31 12 82 11 47 56 21 68 95 81 64 75 23 50 35 16 31 8 66 27 17 57 54 6 91 90 57 45 54 50 24 39 27 2 79 32 56 77 34 23 82 21 39 38 90 65 94 88 71 74 46 21 89 73 47 74 88 18 14 17 67 51 14 90 98 97 75 88 47 44 52 93 98 71 29 
48 9 34 4 33 32 8 50 64 49 77 19 60 20 16 71 27 5 34 59 50 50 30 24 19 28 74 3 15 11 85 90 35 84 43 23 54 3 25 11 36 93 61 73 59 34 70 93 47 64 2 24 29 6 97 40 45 40 70 54 36 93 1 39 13 69 15 99 60 12 95 75 81 54 50 47 8 0 37 9 53 77 8 33 19 45 98 22 22 55 89 86 13 91 31 50 
40 67 79 89 23 87 60 64 27 47 99 42 70 49 33 42 97 92 90 62 59 57 21 42 22 28 49 50 10 75 37 61 82 31 94 17 70 40 73 88 99 0 88 33 10 0 61 75 11 95 54 54 14 4 45 32 85 19 0 20 46 59 14 55 49 87 36 67 53 39 78 93 95 2 53 42 11 70 55 62 71 61 7 78 48 23 75 45 83 17 89 10 90 52 81 92 
39 70 93 98 13 71 38 30 24 24 11 45 14 88 45 63 9 23 42 53 55 74 39 91 25 81 80 12 5 83 91 84 38 41 26 11 42 62 38 71 94 23 21 60 66 16 27 84 65 79 97 76 62 77 77 92 57 75 90 87 95 2 75 80 20 99 22 97 67 7 79 53 69 94 48 25 72 3 79 3 31 80 94 99 39 8 32 7 96 44 98 15 90 58 67 58 
47 21 77 53 77 65 18 98 70 30 98 5 72 37 16 38 28 35 5 62 50 23 2 40 94 67 4 24 91 51 5 56 70 74 27 3 55 93 86 44 47 22 61 19 17 54 81 47 26 15 56 52 80 42 17 95 48 93 89 57 56 65 26 21 32 34 93 59 18 8 89 70 49 50 92 32 3 90 3 77 2 9 13 30 89 61 1 25 0 81 20 23 93 11 30 37 
91 78 30 28 61 88 69 84 61 95 24 43 43 60 26 0 88 92 19 3 12 31 4 92 56 39 37 93 90 83 33 48 46 29 46 50 57 98 80 42 93 20 76 78 61 30 45 88 9 36 75 24 97 54 96 58 62 48 48 72 49 84 50 75 81 96 18 55 17 54 6 84 27 74 8 11 24 27 29 30 59 42 24 65 2 48 14 22 63 23 78 72 77 81 55 0 
0 94 25 81 34 11 81 26 77 20 16 70 29 42 43 80 15 1 66 25 0 98 58 16 40 93 74 0 12 60 78 89 11 67 95 65 64 95 27 65 97 90 48 5 3 16 56 16 98 34 5 21 77 45 80 36 88 93 52 10 2 3 31 25 69 96 44 94 26 57 45 32 9 53 49 86 2 18 63 65 54 20 45 65 13 27 80 74 42 68 69 67 44 59 68 96 
20 96 49 93 44 16 35 79 87 68 54 29 92 50 19 87 53 35 79 48 67 21 5 99 24 33 71 70 2 24 71 22 43 16 57 62 15 30 5 34 85 48 56 87 62 13 47 82 97 0 34 91 44 59 36 66 32 88 24 41 35 58 22 55 90 19 28 84 47 49 70 61 93 56 90 72 39 43 20 3 0 15 59 38 59 64 41 58 36 62 64 68 27 25 2 64 
93 57 59 20 87 3 96 88 86 20 84 52 69 40 2 52 64 66 52 16 45 62 67 33 19 42 33 77 59 97 34 83 4 95 89 38 27 74 5 28 87 17 70 70 44 88 68 7 95 31 3 46 54 48 84 98 44 88 53 90 27 66 37 54 52 13 14 45 49 43 58 24 46 94 60 35 73 10 80 15 67 34 16 52 89 41 30 14 5 89 0 16 18 35 78 76 
39 53 42 66 18 26 86 43 58 36 7 46 67 20 48 88 46 6 29 93 50 95 62 47 25 41 84 98 33 34 50 9 2 33 30 49 52 87 86 39 99 42 98 29 39 96 49 26 43 59 52 34 98 28 48 79 96 66 47 25 95 77 29 33 13 1 21 29 31 93 43 56 32 84 94 5 5 64 66 1 73 46 72 31 32 89 63 96 26 34 32 41 73 6 70 45 
40 32 27 31 10 34 95 64 3 31 17 89 64 50 97 6 78 42 30 71 97 27 37 88 66 41 47 85 50 15 19 71 4 90 8 67 42 97 70 84 43 54 17 43 24 35 40 15 65 23 76 71 77 28 0 82 98 38 41 34 31 49 78 37 87 84 17 12 14 45 46 85 4 90 38 80 38 43 32 66 58 50 40 15 11 41 33 91 53 97 65 7 59 72 36 22 
6 17 37 3 19 64 53 78 74 50 14 67 70 10 21 6 17 94 29 30 60 53 7 33 39 11 67 34 27 72 81 26 18 85 57 47 97 52 52 79 13 75 23 73 91 56 99 39 69 44 48 25 51 2 40 69 48 71 51 33 87 73 4 53 85 5 27 58 75 78 23 76 49 92 64 30 74 89 57 18 4 39 80 27 89 83 86 28 32 42 34 4 57 55 30 63 
4 44 5 89 17 95 14 9 74 61 89 18 62 93 12 65 81 80 9 50 33 60 38 69 3 7 63 37 88 10 67 65 64 27 70 23 28 41 60 98 60 83 67 28 84 8 44 94 56 62 47 64 91 12 24 64 33 70 14 9 54 61 15 78 23 9 47 86 0 45 50 44 15 41 89 4 91 53 5 59 17 57 91 37 33 81 51 1 11 20 88 43 71 34 30 73 
83 15 91 7 80 30 76 78 71 47 71 56 48 26 59 10 88 58 8 82 69 61 13 96 79 92 52 9 93 7 75 52 66 84 26 98 92 74 22 76 5 86 90 78 50 57 73 26 53 48 18 87 95 29 80 6 82 19 38 12 17 54 68 30 38 4 0 26 97 44 91 74 83 62 60 83 70 91 88 31 20 23 37 28 60 25 49 25 92 8 10 76 33 89 95 72 
33 88 42 35 79 7 25 56 66 73 20 66 11 57 4 86 82 20 10 72 47 29 47 87 45 56 49 32 69 53 56 88 45 31 91 19 65 89 94 34 54 17 19 32 70 81 41 65 69 27 24 92 21 29 24 11 22 49 34 9 96 26 53 72 5 34 15 8 24 48 95 97 16 14 91 13 11 88 54 78 74 86 55 79 94 77 6 89 9 66 89 70 23 8 44 42 
8 88 62 83 95 46 31 23 42 91 86 32 9 30 40 92 41 68 76 26 61 5 42 37 75 68 19 84 33 75 46 48 16 25 53 67 43 29 20 82 97 12 63 42 84 34 39 63 18 10 34 1 50 24 60 60 77 93 51 95 91 27 7 69 72 46 43 5 3 26 52 21 46 66 51 23 77 90 75 51 18 74 61 83 46 24 52 52 77 21 89 99 76 39 7 2 
12 2 36 93 88 97 80 88 51 72 32 62 4 77 95 36 59 76 1 5 65 12 93 59 88 63 69 3 29 5 5 41 88 98 77 7 45 74 88 76 82 31 81 72 52 38 57 99 54 54 3 99 18 99 24 60 79 31 4 76 33 51 55 11 79 65 21 62 27 89 23 23 21 70 30 4 2 79 95 22 68 19 94 49 78 38 65 83 12 22 97 69 65 79 55 49 
67 95 92 22 14 38 90 19 94 33 40 68 1 66 50 59 43 60 30 50 16 41 60 28 45 67 4 99 69 75 81 98 95 97 86 53 20 56 90 74 39 41 90 46 66 52 78 5 44 19 92 66 8 61 76 15 5 38 1 94 52 60 7 86 63 14 48 65 0 53 52 94 2 53 92 62 64 9 6 52 96 4 99 63 68 40 7 9 31 16 93 45 10 50 39 85 
23 11 25 99 64 51 59 66 25 86 10 89 96 74 91 92 17 14 91 19 61 42 27 13 41 68 99 29 72 61 54 91 91 79 29 14 77 40 82 54 98 75 49 75 93 9 61 42 81 61 28 10 46 89 80 74 57 87 64 86 66 17 48 37 87 98 13 3 46 26 44 95 32 24 4 96 80 22 4 84 78 9 39 54 21 72 0 30 81 88 46 55 15 6 81 70 
51 89 32 22 23 50 30 63 58 30 43 23 44 67 4 72 66 4 91 37 82 43 50 56 0 64 43 93 4 48 53 33 43 47 10 82 65 56 24 48 26 68 35 89 62 75 68 1 96 67 92 27 26 97 73 97 90 22 34 72 12 91 43 96 59 77 63 24 80 60 93 17 19 11 51 97 49 37 45 91 47 80 67 70 84 24 98 11 38 82 8 72 39 90 8 86 
84 22 76 0 55 54 3 70 13 66 87 29 58 19 47 82 33 98 79 92 9 10 48 0 26 5 12 60 31 51 88 72 4 15 60 69 63 74 24 19 11 33 47 11 45 59 6 14 13 82 20 81 45 44 81 38 85 6 98 44 45 68 62 4 80 54 87 32 91 20 25 8 75 97 88 27 89 67 73 88 30 19 18 91 43 54 47 95 27 46 10 89 88 58 20 3 
48 34 17 0 28 95 5 70 68 18 41 14 94 53 70 26 94 77 22 76 23 49 99 10 96 28 1 43 65 57 20 58 5 96 67 79 29 85 58 99 46 78 90 92 21 46 83 70 52 73 59 68 34 47 33 60 88 0 25 66 23 61 91 20 9 59 36 63 23 12 34 85 29 75 67 4 10 50 93 71 4 79 53 72 80 52 97 19 79 79 5 33 44 14 96 45 
17 88 1 56 42 30 78 51 57 1 73 40 32 45 7 9 94 57 36 48 20 94 98 76 57 64 82 57 32 56 89 1 42 61 64 63 24 41 18 49 70 79 95 21 96 63 79 68 58 81 5 68 87 64 54 40 82 92 46 34 12 67 52 17 42 81 71 32 24 58 78 32 84 1 10 90 69 72 83 45 99 71 31 15 24 53 39 30 2 70 88 59 11 11 58 95 
38 65 69 99 4 33 89 50 39 12 40 85 44 75 16 86 7 66 3 98 80 95 1 42 17 94 36 49 2 79 27 13 91 92 99 95 64 86 32 96 87 27 79 15 92 74 9 45 5 26 91 60 26 72 58 88 75 61 67 16 77 45 51 86 87 23 72 93 1 49 27 75 8 18 94 7 2 95 76 37 13 64 81 11 3 58 52 32 36 2 43 23 3 55 53 82 
64 89 72 4 79 50 34 54 63 82 14 66 9 76 99 74 20 55 76 44 6 11 60 87 0 14 43 87 29 35 38 89 49 42 23 50 13 32 88 61 82 75 26 68 42 23 27 64 12 72 33 74 76 56 38 43 72 20 92 99 46 31 62 75 89 71 94 44 48 5 75 0 70 15 42 76 88 73 48 15 90 54 54 23 21 21 38 98 22 72 52 4 90 76 33 24 
42 43 28 13 43 15 69 64 75 16 26 39 12 30 62 16 70 57 69 16 27 50 56 39 91 75 62 50 47 22 63 45 10 46 85 7 19 20 55 71 54 94 99 37 30 94 60 22 76 74 70 28 33 87 87 14 7 12 90 77 54 9 67 9 39 17 37 99 55 70 92 39 53 36 84 89 65 41 28 64 68 92 31 97 21 28 36 99 63 40 20 8 6 65 34 20 
48 16 69 48 84 50 2 99 97 62 5 8 41 19 4 72 70 24 54 68 67 36 71 15 29 90 13 0 44 6 92 50 81 90 0 75 9 80 59 31 79 29 10 90 51 52 80 2 31 81 74 84 24 41 71 88 78 82 48 64 71 47 29 71 53 31 50 64 55 56 52 43 69 48 0 26 87 67 54 40 13 95 36 35 8 45 2 12 91 89 2 89 37 14 88 99 
46 67 88 70 93 26 9 83 73 80 34 89 16 26 48 27 89 67 15 2 62 54 98 2 54 26 85 87 82 38 38 67 7 11 9 19 56 46 29 71 49 92 40 43 43 87 67 24 76 40 75 32 79 30 92 94 77 90 79 34 95 78 87 81 44 31 5 84 19 72 82 48 91 12 55 35 59 44 51 22 88 51 84 30 98 6 51 88 22 16 92 93 91 75 67 11 
41 26 64 40 79 72 66 61 57 77 14 98 17 27 16 41 55 19 26 56 16 82 5 0 63 89 78 36 19 61 6 80 2 40 55 65 92 85 30 78 17 70 17 87 16 21 45 17 11 52 50 21 20 78 32 51 59 12 19 81 35 77 27 20 63 22 97 79 57 57 9 55 49 32 60 92 85 94 72 34 86 51 75 98 27 22 33 40 89 49 50 90 58 29 35 28 
40 15 66 44 74 98 29 56 51 86 28 66 47 82 63 84 26 63 46 79 4 90 28 94 47 69 39 36 40 9 34 2 5 47 83 26 36 97 56 41 14 92 8 84 27 1 74 40 5 45 69 47 92 26 21 35 40 91 23 14 22 3 64 20 30 63 35 89 35 43 79 7 85 79 64 76 32 11 35 88 33 36 66 99 14 34 3 14 83 11 45 37 4 66 36 85 
67 98 38 95 22 38 90 89 10 78 77 35 39 52 36 26 92 68 13 23 83 37 15 20 94 70 97 33 85 26 88 40 96 85 28 74 34 99 36 66 16 10 14 41 91 35 59 41 76 54 72 82 91 1 1 7 20 44 8 41 42 62 26 84 53 15 86 18 94 82 87 40 75 70 87 77 57 6 38 77 51 1 41 53 5 80 73 9 85 35 4 46 66 24 47 38 
98 28 3 93 51 94 93 55 42 98 4 48 57 15 85 39 76 6 67 84 37 91 11 92 88 38 95 4 86 42 90 11 80 9 71 53 4 37 35 33 39 67 26 41 82 3 54 53 91 88 91 26 32 98 30 18 15 94 41 86 97 61 73 28 9 9 26 6 94 34 77 75 61 53 28 5 56 51 27 93 63 24 15 60 70 9 35 90 69 29 4 41 96 98 10 51 
86 73 1 53 28 76 14 62 20 50 98 0 25 89 77 14 66 57 85 97 30 24 82 13 58 86 10 57 46 79 54 6 72 52 79 42 95 77 11 17 28 12 37 73 26 38 56 76 35 83 48 3 36 7 35 25 38 26 62 93 4 49 28 12 21 51 85 49 94 83 32 24 45 47 68 14 65 74 76 95 90 59 37 16 10 18 81 95 33 80 13 22 50 8 90 13 
50 85 97 9 58 83 45 67 83 6 91 32 62 57 40 95 15 12 67 88 41 93 33 20 67 25 77 36 43 31 22 66 32 58 5 43 95 93 34 62 78 29 14 2 28 78 25 0 2 98 62 8 27 51 95 91 28 12 72 10 11 48 49 21 65 99 44 19 20 73 74 5 94 69 34 94 4 55 79 59 79 74 58 4 36 62 23 88 92 53 22 81 51 66 51 72 
71 79 27 68 5 79 66 29 23 49 14 17 5 15 6 67 6 56 56 28 71 8 77 99 75 17 9 88 63 52 92 86 64 22 41 79 23 43 2 25 1 69 26 98 20 57 49 72 99 2 31 19 73 27 44 96 94 3 47 20 98 64 99 7 58 17 46 51 10 45 10 61 73 62 22 82 48 70 58 26 6 94 79 58 22 65 89 56 19 96 27 85 88 28 49 99 
91 4 50 37 57 5 94 61 77 52 19 97 58 23 15 73 95 4 60 32 68 15 76 69 75 55 98 35 2 17 54 98 21 18 22 61 97 54 17 57 26 49 80 54 42 50 93 85 22 99 55 50 74 57 65 13 30 53 70 45 56 47 78 17 70 63 37 59 1 18 8 85 8 51 37 74 58 28 11 67 43 67 91 72 78 35 35 99 32 32 57 24 29 90 73 86 
24 35 55 34 17 39 71 94 28 46 63 77 5 37 83 29 58 69 92 42 20 81 95 31 54 59 31 19 66 26 6 87 14 91 32 35 39 19 65 6 80 49 21 54 81 9 23 29 55 36 7 67 93 43 41 9 10 99 22 92 42 19 74 35 32 87 37 93 48 56 96 15 5 52 63 14 34 68 56 66 83 73 99 16 97 88 21 74 90 54 84 48 14 57 29 58 
17 89 13 85 39 15 66 48 76 60 70 1 45 57 38 8 72 11 16 68 35 82 95 96 28 0 40 42 25 88 51 8 23 0 8 15 78 24 44 25 23 32 76 38 94 10 40 8 31 74 78 60 95 15 98 77 69 36 19 32 12 59 7 25 1 89 35 2 81 43 86 58 87 73 35 98 24 46 60 68 5 35 42 0 31 81 7 20 82 10 51 47 3 8 22 14 
75 22 41 11 93 96 83 16 9 2 43 89 76 68 44 42 52 49 27 31 28 50 98 25 57 87 2 26 20 97 0 62 81 11 98 18 61 94 61 33 47 55 70 26 17 45 81 8 65 65 29 6 24 67 63 8 80 26 91 14 34 11 69 12 95 18 50 75 38 83 50 11 83 1 22 26 12 82 26 76 89 2 45 53 63 84 70 37 9 87 27 7 3 47 49 50 
76 14 6 73 4 82 59 85 8 75 2 12 16 73 69 29 22 92 18 71 84 33 26 37 30 31 25 80 23 55 23 72 90 44 21 84 34 42 19 87 45 54 3 18 18 59 52 56 6 4 16 5 76 10 0 23 94 78 5 23 79 40 64 80 16 74 47 66 32 8 44 41 0 29 55 38 53 96 72 79 7 37 71 99 94 79 72 54 48 46 19 61 79 42 68 3 
71 4 41 29 55 33 36 40 91 28 96 76 78 0 89 20 39 20 44 37 51 44 57 48 26 29 48 37 2 4 43 54 17 73 82 93 11 51 72 54 32 32 54 9 96 90 70 49 12 96 18 54 23 4 69 32 63 95 91 53 93 0 56 48 39 73 98 36 79 71 48 29 74 0 39 13 8 52 29 36 44 38 1 38 60 53 30 3 70 91 20 17 95 93 89 17 
13 85 1 24 88 53 28 60 37 77 69 92 61 21 12 36 94 48 14 10 97 77 37 19 57 17 19 19 89 78 88 37 27 72 36 65 33 65 19 11 36 58 43 49 20 12 20 53 33 21 40 78 88 94 82 50 39 42 53 41 90 41 41 40 57 98 38 17 63 83 94 58 33 99 42 61 89 87 93 72 15 98 7 30 97 98 56 66 44 53 9 19 66 0 94 50 
51 8 87 73 17 2 93 69 59 81 32 47 7 56 58 95 87 1 27 1 81 26 29 73 24 99 23 67 47 65 81 56 90 29 47 12 60 8 20 65 46 12 7 0 38 20 8 56 25 94 73 28 8 94 95 6 91 95 84 15 79 86 56 97 84 82 43 72 35 0 22 24 14 22 18 0 40 63 43 85 20 64 20 35 65 66 63 94 25 49 99 11 26 56 33 85 
94 14 54 82 11 21 60 8 63 89 94 39 30 53 19 8 58 43 56 29 29 14 0 99 58 38 20 29 97 75 44 8 77 98 65 74 87 60 10 76 81 65 6 36 70 22 96 32 74 12 73 67 51 82 60 38 54 93 72 91 19 47 87 46 55 97 42 47 60 38 68 44 52 85 22 63 12 42 17 34 60 66 28 9 8 38 93 96 1 59 17 61 17 35 76 87 
61 47 87 74 26 65 66 0 80 65 2 22 51 33 95 68 48 78 56 82 79 21 72 92 83 39 97 84 47 81 32 44 84 1 35 98 68 6 11 93 9 90 79 91 40 67 74 92 50 26 2 63 24 97 41 50 96 37 60 44 56 4 83 79 94 98 87 69 18 1 72 61 19 7 92 63 70 39 62 4 22 69 68 51 61 76 55 42 76 70 0 45 72 59 61 22 
1 94 66 85 45 78 93 34 6 16 93 1 10 71 31 42 24 73 76 47 4 20 28 56 55 17 51 26 64 60 73 48 31 54 24 14 85 60 58 35 46 6 18 18 95 97 76 9 12 42 29 51 41 95 6 89 21 75 28 80 24 29 64 61 42 26 69 21 33 85 35 48 48 89 76 78 58 38 14 90 90 76 12 3 13 70 42 47 26 7 68 90 67 15 46 65 
5 60 38 70 37 68 3 93 70 35 90 72 79 83 33 75 70 84 39 34 15 13 99 36 27 33 93 6 74 54 19 61 7 70 42 45 3 92 79 47 1 3 33 33 33 70 65 45 0 10 57 73 60 16 31 99 90 50 5 26 40 91 71 15 14 88 57 85 88 91 79 52 41 62 91 93 28 52 33 25 60 4 31 59 68 95 96 12 24 73 47 86 50 35 57 69 
1 49 95 42 22 47 51 50 87 86 78 3 61 13 14 6 15 13 98 13 66 46 67 51 30 55 60 67 79 37 70 62 83 33 65 10 65 89 22 44 45 54 45 52 35 4 20 68 87 46 99 99 62 88 68 85 6 31 51 13 76 52 74 34 46 37 50 47 77 57 69 70 21 39 65 16 92 83 47 91 93 81 9 72 77 59 18 88 57 5 56 99 52 52 37 73 
29 52 46 14 40 63 20 20 5 76 17 30 33 77 95 59 41 50 85 94 3 41 75 22 92 78 15 83 12 56 30 60 60 11 14 26 49 19 51 78 30 22 21 99 44 9 7 93 0 27 82 86 75 60 37 94 57 50 89 2 91 98 82 17 86 49 25 68 78 65 86 60 13 76 97 59 85 81 24 39 16 91 36 71 57 86 69 20 90 63 1 91 82 40 77 26 
29 38 91 52 35 65 96 67 84 2 17 77 75 27 66 35 67 23 39 79 59 24 67 96 85 87 43 0 24 12 75 14 4 35 28 45 89 82 78 2 45 73 70 82 67 72 73 76 63 21 7 42 90 70 86 38 48 18 40 86 22 12 36 29 79 39 1 28 39 66 96 81 19 40 79 6 48 64 72 6 17 49 53 78 29 68 99 99 37 43 54 20 84 53 83 95 
50 83 57 13 46 72 66 16 65 92 97 52 43 12 56 21 86 73 48 37 5 22 31 54 74 62 7 39 89 75 49 76 61 66 48 27 58 11 23 3 1 4 63 93 31 89 93 90 8 16 81 48 45 88 59 58 26 68 95 71 74 26 62 45 24 29 27 71 14 4 96 18 81 92 29 44 17 6 87 79 33 87 27 78 7 66 54 29 84 40 60 23 38 86 42 96 
43 26 77 41 67 31 93 18 83 17 99 6 84 34 30 66 32 68 97 32 39 99 34 34 18 94 72 28 41 2 92 27 94 32 50 72 48 96 50 65 58 30 29 31 29 5 97 90 52 87 94 38 70 45 45 82 79 55 95 58 52 64 29 5 90 40 6 45 9 47 87 81 78 20 4 71 88 18 37 83 23 55 63 99 43 62 29 91 47 11 31 32 83 31 33 98 
29 8 66 20 44 16 39 49 54 2 71 89 40 59 14 17 20 72 38 40 79 72 42 31 73 72 2 15 93 66 24 2 8 96 17 24 26 35 91 37 0 25 95 58 57 38 72 64 98 99 90 20 74 89 30 76 19 41 35 55 31 22 86 70 15 75 95 26 58 92 23 58 15 91 70 73 92 37 66 65 59 31 16 97 19 26 99 92 0 35 2 87 64 72 58 56 
10 21 60 10 13 78 83 70 63 11 14 43 37 22 78 66 86 84 22 41 42 95 82 42 0 40 84 12 81 38 25 90 14 47 85 31 90 95 46 51 76 26 11 8 31 18 74 85 99 11 30 72 28 24 23 51 11 44 88 18 26 89 59 23 93 24 13 34 67 17 66 12 94 2 79 80 50 97 59 17 77 59 31 75 69 37 82 57 45 9 78 72 73 61 32 23 
48 4 9 87 68 70 17 93 33 59 4 98 87 83 76 22 78 41 42 54 32 2 18 77 10 90 10 91 85 10 68 14 64 32 79 89 78 92 59 50 53 40 33 83 58 64 99 28 45 0 70 61 54 71 61 48 62 60 9 31 72 88 62 20 91 80 9 45 64 96 18 7 26 1 42 34 10 76 62 44 10 37 83 95 22 51 85 77 73 61 10 43 94 42 11 78 
99 58 46 54 3 90 16 64 80 31 16 76 44 38 50 80 69 35 93 21 21 88 74 32 71 49 45 44 80 42 87 22 18 88 95 26 11 42 31 78 31 21 82 21 47 72 63 54 22 98 69 3 46 28 6 85 60 58 39 77 62 86 70 54 42 78 79 94 79 76 49 20 87 43 88 0 92 56 36 45 25 31 46 48 74 92 59 44 88 75 3 80 51 84 47 93 
29 39 2 29 19 52 50 86 60 58 67 26 86 20 54 65 50 85 0 5 72 21 58 34 60 69 41 51 71 50 15 31 45 47 92 89 13 70 0 68 27 94 86 31 46 86 6 50 81 49 47 49 53 45 79 81 58 90 49 38 72 1 74 57 28 43 10 67 42 69 89 34 98 97 93 22 68 79 29 21 42 49 56 17 12 73 30 31 31 14 20 2 67 98 0 13 
88 70 23 22 28 95 58 16 58 54 8 68 71 7 14 36 21 4 50 89 70 37 26 71 63 64 9 11 46 43 4 61 64 57 87 16 63 10 23 3 7 46 52 9 95 86 79 97 83 76 9 84 51 81 61 45 11 36 92 77 5 81 76 59 83 95 82 86 90 83 64 5 50 63 3 80 21 4 10 31 66 89 14 16 98 48 33 73 93 74 86 31 7 35 34 77 
79 56 73 63 18 55 20 56 1 48 72 34 29 73 81 10 75 39 0 82 91 0 19 8 86 27 18 30 61 23 51 30 43 93 47 33 58 48 20 55 9 66 36 11 42 65 80 34 62 67 87 89 59 48 98 84 59 47 44 13 78 92 62 94 42 1 8 37 35 95 0 74 23 36 93 46 68 47 65 23 88 29 79 11 70 59 83 83 38 53 88 69 3 26 45 98 
90 45 85 70 93 12 48 21 17 51 34 4 60 97 70 77 35 72 45 65 67 31 83 68 49 17 55 22 8 48 58 48 10 0 33 77 66 95 0 25 85 6 71 29 22 53 20 97 4 20 52 86 67 86 40 87 22 88 80 83 28 75 62 18 6 78 20 30 41 55 15 4 85 9 45 32 49 13 3 30 52 61 48 11 25 33 46 64 23 53 3 98 55 60 41 83 
82 36 46 48 96 30 54 76 39 57 35 34 62 63 31 16 57 32 42 64 54 56 83 83 46 24 68 16 58 13 74 11 70 41 48 84 7 78 13 92 1 45 49 51 60 4 12 71 49 61 17 12 85 7 25 21 33 82 12 32 92 47 23 58 50 62 33 22 11 13 84 4 73 90 15 42 24 8 25 55 50 75 21 96 27 94 93 80 23 31 58 68 51 38 66 64 
78 66 57 45 20 61 70 36 82 19 98 48 53 15 99 84 74 86 10 56 47 5 3 66 95 97 23 80 80 78 52 42 18 97 37 70 85 56 12 9 67 60 77 20 36 17 22 43 7 19 41 31 22 40 15 50 19 78 65 86 73 39 45 38 62 56 80 9 26 56 38 21 78 74 48 24 52 90 97 11 31 49 65 78 63 26 96 4 38 54 94 20 38 85 88 82 
26 6 22 33 61 18 60 58 66 72 24 61 82 2 54 4 80 84 94 45 39 33 55 1 99 92 25 3 86 71 14 41 22 36 35 23 35 26 98 27 55 7 20 18 62 64 35 46 48 21 61 51 34 79 12 83 48 48 3 70 42 67 23 27 50 61 24 71 66 56 99 88 52 90 48 1 23 26 97 85 70 79 65 21 15 46 35 68 84 87 7 50 41 19 7 60 
83 6 4 60 82 52 4 57 27 74 16 15 81 46 35 33 5 63 82 23 26 8 56 2 43 48 77 83 24 1 30 81 55 46 23 63 74 41 73 54 47 57 17 55 29 69 67 26 55 56 8 8 80 46 62 63 65 96 85 64 42 95 79 64 3 21 53 56 51 65 78 80 64 26 54 39 7 72 55 41 23 51 4 25 93 20 62 6 46 94 64 42 40 94 3 87 
7 60 31 90 41 70 18 69 66 50 55 96 18 69 72 77 49 86 93 14 12 62 20 99 49 86 84 76 65 82 22 53 40 22 76 10 62 58 79 91 41 59 96 89 70 29 10 66 61 44 39 78 81 96 79 23 20 97 92 72 98 31 84 66 8 19 41 56 41 31 19 25 85 49 38 64 68 64 33 72 38 38 94 94 9 10 1 0 58 62 85 56 50 45 85 46 
48 84 0 55 76 54 7 23 78 3 76 14 68 70 80 43 34 79 83 41 12 36 28 28 87 18 13 72 2 8 36 70 85 8 79 84 79 76 46 1 20 81 63 30 41 98 8 84 72 20 69 28 21 89 25 54 24 4 23 58 42 16 54 48 21 72 49 26 47 47 66 76 15 52 45 13 64 66 69 81 92 15 49 79 13 47 52 58 27 4 39 91 53 40 83 2 
50 51 83 78 56 8 37 70 27 67 12 23 0 53 51 20 34 39 65 22 47 80 48 12 21 87 82 98 51 14 50 10 50 26 20 0 1 75 32 17 76 90 68 43 2 50 89 32 6 53 35 40 80 17 7 52 18 20 10 81 69 36 61 38 7 28 88 96 46 87 66 28 6 30 51 70 21 22 49 97 92 24 70 66 44 71 7 43 98 16 30 37 35 11 46 34 
3 29 83 1 76 58 41 75 62 91 3 88 90 90 25 11 64 53 31 47 89 80 45 87 17 26 3 66 8 20 38 72 96 30 18 16 99 95 95 22 66 71 63 0 41 64 54 74 54 51 8 57 98 81 9 78 28 54 63 11 17 41 77 45 9 70 24 60 66 97 37 66 47 9 67 51 21 9 11 43 99 82 64 57 21 50 62 99 25 29 29 53 69 83 42 66 
69 54 53 98 82 53 67 53 57 10 76 57 26 57 58 93 89 91 56 86 10 3 29 82 61 34 77 3 49 14 79 74 54 93 65 90 34 64 85 73 53 8 1 37 93 88 21 51 49 53 25 74 2 71 18 39 88 86 11 34 84 86 94 24 63 75 45 36 11 76 34 41 73 30 22 80 58 26 37 87 59 69 12 38 85 56 53 67 3 12 44 98 19 66 88 11 
43 25 48 27 40 38 87 28 98 45 43 26 60 2 14 32 12 58 48 73 10 89 58 20 88 32 19 75 93 76 16 60 0 66 54 23 22 54 24 93 93 88 37 90 27 22 11 47 18 76 46 96 49 13 36 52 45 59 53 20 15 59 44 56 77 11 20 34 72 88 29 33 72 0 83 33 12 53 46 18 86 12 53 3 35 50 52 98 28 53 8 30 24 22 2 44 
26 55 1 90 67 36 98 89 13 92 49 95 91 22 57 59 13 9 33 69 64 14 62 42 67 88 2 72 69 27 67 50 83 6 33 8 99 54 66 14 46 40 8 51 63 30 97 81 89 76 6 79 11 66 50 96 36 90 83 19 26 8 31 4 52 5 68 95 75 41 38 39 73 89 47 2 41 82 89 87 63 64 28 29 69 22 99 12 33 15 81 99 6 22 37 53 
21 95 23 56 83 23 42 60 72 38 70 36 56 20 55 12 32 29 32 63 1 38 39 59 80 46 10 59 29 29 71 45 58 13 81 83 8 6 30 29 45 8 93 52 33 73 9 93 34 84 93 0 64 70 64 67 83 15 77 96 40 37 99 97 83 6 74 43 50 32 9 6 27 50 73 31 11 37 72 55 63 56 60 24 49 86 75 2 45 59 18 26 63 30 74 75 
60 98 87 57 52 83 29 11 97 24 29 52 39 96 56 47 41 94 28 77 33 78 59 51 1 9 30 96 69 16 3 85 29 46 67 81 82 12 68 49 21 7 13 21 76 13 69 15 14 97 48 1 4 5 70 90 77 74 72 43 30 67 48 93 42 85 2 10 9 7 58 78 62 42 6 79 51 94 78 13 1 17 67 96 52 41 66 72 20 44 84 63 88 6 3 25 
11 60 36 53 61 84 57 56 40 70 27 81 88 6 12 60 65 11 6 88 84 68 40 63 38 58 51 36 0 7 25 48 44 70 78 18 97 19 19 70 62 14 56 1 94 56 59 36 52 83 7 22 34 8 4 45 26 58 87 89 52 36 66 15 85 75 27 28 82 4 17 0 58 3 69 12 49 50 55 58 77 3 57 13 26 55 73 88 10 40 54 90 64 95 62 52 
70 20 11 96 71 3 91 27 11 7 59 98 66 86 67 60 43 69 21 43 17 98 52 94 41 28 40 76 83 62 84 73 60 81 78 62 81 99 25 49 9 1 85 10 65 53 81 4 20 65 69 17 39 89 58 62 39 95 91 23 98 2 85 8 53 20 97 21 3 42 31 20 60 50 87 0 85 43 11 85 27 38 99 31 27 8 24 16 40 61 61 55 85 51 73 19 
26 15 19 38 18 90 8 75 88 24 10 22 46 20 21 27 88 68 6 84 6 27 13 37 64 68 81 83 99 25 12 1 40 46 5 12 78 81 97 86 77 71 49 54 34 80 97 58 59 52 99 13 95 2 20 7 15 23 16 36 36 12 5 34 93 12 9 37 78 89 62 13 79 22 16 49 22 75 29 98 52 81 73 10 78 32 96 96 77 83 1 30 17 24 74 51 
26 41 9 83 94 51 66 72 22 73 3 18 92 13 79 11 34 31 8 18 97 43 34 99 22 6 4 12 89 53 85 94 32 54 68 58 27 55 47 51 90 81 87 26 68 2 61 62 91 99 96 10 53 86 62 12 34 28 13 15 17 70 7 81 65 2 43 79 36 13 47 51 43 89 27 9 61 81 83 70 2 53 74 5 93 56 71 15 61 75 56 23 25 81 95 75 
47 6 49 62 51 21 71 67 61 65 95 38 36 96 31 23 31 75 49 48 83 82 98 36 35 10 98 43 40 76 59 44 84 89 46 75 5 51 55 94 84 38 59 78 65 45 31 21 78 72 33 43 91 41 28 84 57 10 66 96 27 97 61 52 34 91 26 73 72 18 74 34 69 12 96 45 66 85 76 84 0 25 98 38 38 23 55 45 17 97 53 17 33 26 50 15 
68 41 58 85 4 92 57 59 46 57 97 23 94 17 38 0 91 4 17 72 15 49 43 13 8 35 93 75 70 8 70 37 85 46 53 82 16 27 16 39 0 80 78 59 91 7 73 78 84 36 9 30 79 75 46 87 50 11 88 82 96 55 4 39 91 2 75 13 53 85 31 32 79 86 56 41 45 88 16 24 7 22 18 91 94 85 2 83 40 25 26 94 12 3 53 44 
17 22 76 90 18 84 54 64 0 17 38 39 69 36 80 28 8 53 13 96 59 46 68 73 64 86 13 46 28 76 86 56 86 18 25 20 4 81 24 45 69 56 92 23 83 82 49 61 7 6 57 9 98 48 8 98 87 21 59 27 60 42 84 3 48 65 65 29 38 45 51 22 7 0 7 61 66 60 91 95 33 4 98 97 12 78 77 40 66 38 59 36 48 32 54 21 
98 27 56 78 17 42 89 51 43 68 45 30 2 57 10 86 48 19 80 2 5 11 61 41 19 58 38 30 90 52 87 58 64 96 55 74 60 28 14 20 35 17 40 26 12 28 37 71 89 4 40 29 76 80 18 56 36 56 30 61 21 88 30 51 74 97 25 67 60 53 68 2 45 50 80 5 20 83 21 77 1 38 53 85 21 46 57 17 91 53 49 37 83 38 12 47 
3 14 42 54 88 8 1 75 27 27 79 2 9 80 18 95 58 26 19 76 70 55 86 80 34 84 10 37 52 64 73 25 49 82 14 58 9 97 6 53 11 9 51 78 56 72 96 91 34 47 71 54 64 8 92 81 3 5 2 1 69 19 12 79 15 97 62 24 3 59 23 35 59 27 63 73 60 43 38 80 39 17 88 29 82 9 36 77 56 93 32 15 46 3 71 48 
53 79 5 28 25 96 12 81 65 18 80 6 58 34 22 86 87 93 46 27 53 6 86 42 71 16 40 77 46 0 44 41 3 81 7 61 91 98 72 87 32 85 60 34 9 86 58 98 44 43 93 61 20 47 10 54 70 92 10 96 5 30 88 36 81 79 1 76 15 6 41 90 75 84 33 49 50 14 18 38 80 57 82 54 29 56 64 28 12 56 87 95 92 33 78 99 
67 0 78 57 82 97 1 48 84 80 67 78 40 73 4 76 93 81 36 19 80 68 75 52 52 73 90 79 79 37 92 49 65 72 42 7 98 93 84 63 74 72 80 86 88 47 10 11 1 87 83 44 62 13 45 63 88 21 47 56 9 78 20 74 28 72 25 43 91 87 24 38 20 5 50 20 34 55 89 19 34 46 16 84 22 25 71 63 47 39 6 41 99 27 19 2 
74 95 0 77 0 51 23 5 84 86 96 69 81 59 53 16 98 34 66 4 49 18 8 54 25 72 76 39 64 70 89 73 76 61 74 0 90 20 83 60 49 92 27 49 57 1 14 30 16 52 57 83 63 98 35 90 22 87 0 78 73 69 26 71 18 55 63 45 16 88 49 3 71 78 45 64 71 39 84 6 0 27 29 75 47 54 11 49 70 49 98 65 5 13 21 45 
40 12 3 11 27 34 12 43 78 84 36 85 43 7 50 95 77 59 35 66 21 30 61 86 56 49 51 45 65 18 79 38 7 45 7 56 50 37 39 6 90 46 59 73 80 30 13 48 5 73 2 52 94 2 17 93 38 55 50 78 80 32 76 77 53 69 82 58 62 79 81 98 31 34 43 47 86 8 57 35 55 20 26 55 90 30 7 47 23 8 31 75 15 95 36 60 
43 5 5 53 10 62 47 98 13 21 39 52 11 65 13 63 59 97 31 4 20 82 46 10 55 43 87 97 22 83 58 83 90 36 22 30 15 75 33 30 20 61 79 40 68 57 67 77 85 47 6 86 57 25 79 24 98 13 56 56 39 28 56 40 56 50 31 45 1 86 14 14 56 49 15 70 75 40 77 7 5 39 6 63 36 89 26 96 64 69 88 55 1 70 0 68 
71 76 99 58 39 15 8 71 89 58 16 51 80 65 8 59 95 84 80 92 6 40 11 38 78 15 3 7 74 16 7 84 53 13 31 44 53 86 33 87 71 87 77 87 74 22 32 35 31 10 26 13 26 48 70 6 2 52 95 87 74 96 8 95 64 45 82 48 24 79 6 28 2 37 2 62 2 57 12 93 29 46 6 17 53 83 78 68 45 11 54 88 99 36 53 85 
94 1 60 45 48 38 23 29 6 14 0 43 88 92 82 16 57 3 43 57 62 34 4 37 79 9 39 94 26 54 28 34 17 65 65 81 4 27 75 26 67 57 93 10 14 29 24 96 59 17 42 68 26 42 40 43 76 57 87 57 13 36 34 58 23 59 86 61 69 25 72 63 74 68 51 61 83 89 31 74 95 89 14 43 20 49 62 44 80 87 0 96 36 39 59 34 
