15
56 79 93 50 83 2 15 59 69 18 5 99 52 43 64 
72 42 57 13 88 37 5 83 98 70 44 81 95 1 89 
59 95 47 26 31 55 72 67 41 9 56 83 32 56 70 
83 96 70 59 49 24 30 98 86 40 67 28 84 69 29 
3 8 66 2 28 76 12 36 10 8 86 93 95 35 97 
8 65 93 59 88 37 77 67 51 84 74 34 69 96 54 
46 51 68 10 99 43 60 92 6 78 94 15 90 21 49 
15 62 65 76 13 54 30 17 30 46 3 48 64 65 56 
58 21 84 76 91 53 42 75 96 62 63 44 83 35 13 
97 24 34 95 52 64 63 57 48 13 15 82 45 30 74 
17 61 3 49 87 21 56 63 94 24 10 39 87 35 95 
24 6 51 95 9 90 48 28 71 44 46 67 57 46 82 
17 46 65 34 5 23 92 62 73 70 52 48 8 78 44 
27 26 41 90 13 94 35 49 22 49 9 95 45 5 79 
18 46 38 98 62 29 41 18 70 63 47 36 68 10 96 
