42
35 37 94 38 31 66 79 77 22 91 4 58 70 9 29 68 5 54 17 87 17 70 10 82 82 87 68 12 91 62 10 87 19 16 34 12 59 53 90 29 80 56 
43 82 38 64 3 88 96 73 68 19 1 92 3 87 56 26 46 66 88 40 69 13 54 8 25 97 75 7 56 60 31 55 2 50 20 72 61 58 33 12 19 45 
42 3 48 71 65 65 59 57 99 55 31 44 89 42 23 93 99 0 94 0 10 7 73 70 47 60 99 22 51 41 4 92 86 28 27 0 20 28 49 66 26 17 
34 23 4 80 91 24 23 61 43 74 34 90 52 66 30 5 45 41 23 93 61 25 27 81 23 12 86 7 49 14 52 89 36 51 70 87 46 94 75 9 83 1 
15 54 50 2 55 18 92 87 36 48 59 54 27 21 76 55 58 34 55 36 92 28 97 96 7 83 56 19 51 40 43 94 40 68 80 50 53 79 63 72 71 34 
6 53 20 53 19 75 25 12 63 8 40 85 91 9 92 99 37 44 95 51 46 61 34 92 43 35 99 73 66 99 99 34 61 24 60 91 75 90 26 31 76 18 
47 13 12 95 61 89 60 32 35 53 32 29 48 34 28 24 15 11 98 93 41 70 90 9 10 27 72 16 38 85 51 70 64 79 87 18 53 92 30 27 55 31 
25 31 86 94 46 80 80 18 78 38 29 37 55 91 57 36 3 95 29 80 16 9 21 7 81 90 77 91 87 13 43 88 26 19 98 32 95 85 98 1 86 9 
38 54 61 70 95 14 23 73 30 34 47 65 45 6 17 38 48 32 55 18 28 92 38 92 25 20 60 95 20 28 78 23 76 35 88 55 55 94 8 94 65 85 
48 72 88 83 99 38 91 73 58 38 52 52 45 91 46 86 17 76 32 88 3 7 32 14 15 64 68 35 98 96 11 71 78 53 38 86 87 48 89 67 79 90 
84 95 48 7 74 26 2 1 49 28 96 42 42 44 3 3 36 93 94 9 72 81 78 28 87 96 62 1 71 15 87 37 44 30 9 78 32 59 39 43 7 53 
85 48 9 97 4 87 62 33 99 17 55 27 56 97 79 89 19 84 72 35 14 59 61 0 10 66 50 10 39 73 78 2 71 12 89 41 66 7 46 98 57 65 
96 81 52 92 22 40 94 91 53 32 44 24 9 90 23 51 88 20 55 87 82 0 44 28 32 16 53 34 4 21 96 77 65 38 25 46 72 21 99 31 17 66 
45 16 6 11 74 98 67 99 99 73 63 29 18 69 91 38 24 53 39 69 49 37 19 92 32 42 49 64 15 52 29 16 80 11 66 27 93 19 82 56 22 99 
21 84 69 30 44 3 44 53 89 7 47 4 56 38 5 19 53 38 37 25 17 60 2 62 6 39 48 50 2 11 18 49 0 70 44 1 67 19 1 47 21 46 
91 15 96 31 32 75 12 71 13 43 52 41 23 71 87 90 49 30 43 80 17 84 40 70 46 59 71 85 7 86 63 66 75 9 63 97 33 10 6 6 4 26 
90 86 71 96 23 24 26 24 20 19 72 83 25 85 70 27 17 99 98 13 79 80 13 40 59 66 35 58 3 95 21 93 52 37 77 64 48 42 82 43 89 16 
23 78 59 41 9 30 5 19 25 2 69 3 0 58 35 63 19 96 11 70 56 45 10 16 42 87 52 76 89 85 52 43 9 21 75 33 81 52 21 38 97 97 
85 35 37 87 85 56 29 57 14 68 65 57 15 60 38 81 69 32 80 7 66 23 63 80 23 70 73 24 8 84 6 72 52 85 39 28 61 73 69 76 73 9 
1 38 36 41 85 35 10 9 98 8 1 38 45 19 8 23 81 55 12 18 52 65 60 5 94 29 12 30 14 5 38 48 71 96 76 47 70 91 2 60 3 66 
61 14 63 63 82 57 6 1 41 50 10 10 74 34 74 61 13 51 17 0 46 25 59 15 16 6 35 11 35 59 7 22 53 0 81 50 50 31 11 93 36 80 
5 45 50 84 36 98 97 36 14 69 30 89 94 58 23 66 2 18 88 34 43 3 14 5 14 70 86 77 0 24 41 86 49 85 64 39 78 97 76 13 17 20 
48 63 34 54 90 83 84 60 97 11 58 38 99 47 20 66 92 88 69 2 3 87 6 2 21 8 27 9 1 45 98 86 89 43 90 34 56 89 72 61 21 57 
16 71 5 55 57 50 90 47 55 2 14 7 32 88 99 23 96 96 20 82 60 66 98 38 59 35 22 83 48 46 22 29 6 6 27 37 53 35 45 15 21 17 
31 25 62 52 47 55 71 63 19 46 28 51 53 27 63 13 27 63 98 85 31 9 7 66 90 89 10 91 22 47 84 47 46 59 41 16 14 72 3 97 15 22 
74 7 56 79 93 28 72 59 79 84 80 49 27 19 14 26 66 20 75 79 86 11 18 95 61 54 94 54 88 43 38 99 54 90 41 77 37 67 29 17 51 78 
77 67 30 27 58 18 42 64 18 0 61 30 20 42 62 9 72 78 11 17 12 79 84 58 46 18 43 6 13 39 5 27 30 46 41 4 42 72 34 53 86 69 
72 87 51 44 19 57 77 72 66 86 4 15 27 56 25 96 8 71 92 10 55 15 43 99 51 46 3 83 26 86 14 35 16 16 48 17 29 14 3 59 48 43 
99 75 76 61 64 70 87 8 15 54 79 54 32 4 32 43 73 44 61 35 20 13 43 46 66 25 76 25 60 35 58 4 44 42 31 44 18 38 40 70 58 3 
26 37 69 65 69 33 51 52 77 53 98 35 47 52 70 52 72 0 99 61 46 92 48 90 87 69 22 4 56 20 44 49 76 90 66 5 41 92 85 25 56 34 
70 82 16 96 32 6 53 89 55 96 63 88 59 14 66 56 90 80 54 31 6 83 48 39 19 84 20 46 5 36 34 8 39 21 40 67 2 63 46 43 6 0 
89 84 96 85 46 61 41 27 2 71 83 35 79 67 84 67 74 29 16 89 29 2 9 89 65 41 71 2 76 14 86 34 88 47 27 1 0 81 99 28 41 71 
43 68 97 30 81 69 80 89 96 16 23 56 55 29 70 93 65 73 55 62 69 5 77 30 21 96 28 82 59 96 49 36 28 73 58 20 34 62 9 40 89 21 
66 58 15 61 47 28 84 62 27 19 66 38 23 41 61 95 37 50 35 66 28 42 63 55 82 42 68 7 45 80 62 83 23 68 68 70 25 85 13 39 99 86 
44 24 55 75 92 79 81 4 58 79 26 8 7 51 60 74 45 87 37 49 20 28 29 83 90 67 19 9 88 82 77 21 37 95 59 45 6 98 38 36 12 90 
17 31 57 43 45 10 82 23 55 93 63 86 91 9 57 33 41 16 76 24 27 18 56 92 41 15 30 93 53 78 41 75 51 23 96 92 25 61 83 98 93 33 
13 79 16 64 5 63 36 6 66 1 6 28 21 87 0 0 97 4 13 30 53 67 27 23 46 10 80 15 53 93 3 24 37 97 5 15 18 62 11 78 69 61 
57 11 52 14 41 61 70 18 92 17 84 69 46 8 59 69 10 88 46 7 15 68 17 93 42 30 88 88 62 44 33 0 26 4 33 3 3 65 94 25 72 14 
42 66 51 74 20 5 10 88 24 20 35 58 97 88 70 54 15 44 33 98 64 98 7 77 20 62 50 37 56 52 94 88 99 17 34 32 88 65 65 24 9 93 
3 70 18 60 55 65 99 51 77 14 11 78 25 48 5 22 54 85 73 6 34 25 91 30 79 3 92 63 27 22 55 25 85 95 8 22 87 72 0 56 93 69 
17 26 87 23 28 79 80 65 32 9 39 9 46 26 79 82 24 29 31 44 88 76 59 22 34 38 63 52 94 92 17 2 15 16 51 80 81 94 55 16 70 67 
63 90 20 80 80 78 23 69 91 53 46 7 40 6 4 99 75 88 93 25 97 78 12 66 59 90 8 46 3 83 98 45 56 13 26 69 68 87 22 13 9 41 
