21
93 0 40 10 56 92 90 84 66 83 33 38 55 41 92 21 81 3 23 45 21 
74 2 69 67 4 36 85 41 7 30 52 32 34 18 54 0 51 39 26 34 74 
43 42 58 20 40 68 1 77 54 15 13 7 46 51 53 77 71 38 13 52 13 
41 86 33 11 67 58 47 55 49 22 87 41 40 61 71 92 32 62 45 17 25 
47 29 30 20 16 6 40 7 87 1 82 42 14 71 1 3 40 15 60 65 45 
4 73 33 92 69 55 54 43 59 3 88 33 27 70 64 17 65 73 42 84 93 
20 95 60 18 69 89 60 48 52 2 20 63 28 2 71 79 89 86 96 18 82 
46 73 57 51 66 19 12 87 53 98 93 63 23 42 84 18 61 4 72 6 11 
86 78 98 90 6 55 46 15 62 88 20 69 65 76 92 51 79 61 37 54 54 
39 0 58 33 58 86 52 86 67 31 65 96 14 42 89 81 52 43 74 88 80 
10 44 3 31 57 6 68 1 29 76 77 19 14 98 4 0 71 56 32 92 78 
51 30 67 74 67 52 55 15 95 63 25 83 27 46 39 74 77 11 0 5 48 
21 72 21 73 32 62 46 15 49 3 71 90 87 29 36 24 43 82 6 65 99 
32 53 58 81 19 64 90 19 38 86 84 84 30 5 19 20 68 83 28 44 89 
58 50 43 76 1 69 90 41 9 13 15 78 58 86 70 15 86 49 97 99 12 
54 48 65 15 22 6 25 22 23 83 13 44 46 44 32 96 69 93 11 7 55 
40 13 75 41 64 80 60 99 52 27 59 44 35 50 78 76 2 95 42 72 49 
8 60 63 59 65 39 47 16 96 36 10 97 30 88 25 22 89 91 24 29 97 
66 52 20 13 46 57 49 45 76 43 89 96 46 1 18 95 4 33 87 72 52 
35 70 81 32 65 90 71 66 20 36 99 98 41 66 41 3 43 34 6 48 8 
29 20 30 55 25 93 84 58 6 41 12 34 1 6 89 13 95 69 17 74 91 
