47
62 13 69 99 50 0 78 34 20 84 57 71 32 68 56 44 33 17 99 12 98 70 51 58 55 99 10 19 19 35 92 9 87 19 16 59 95 22 11 54 21 50 23 41 62 49 53 
17 29 10 87 19 27 70 55 60 97 88 5 28 97 49 93 54 16 8 2 35 25 14 0 70 59 89 4 49 85 49 62 27 63 48 64 98 30 39 70 59 57 58 74 57 3 83 
76 66 0 81 56 66 7 80 65 30 83 5 90 88 46 27 28 91 92 48 7 61 20 91 82 89 13 44 82 62 0 3 11 54 81 21 73 50 66 96 62 51 23 1 25 58 73 
61 32 87 34 73 27 91 13 71 88 37 27 47 44 85 53 23 64 29 42 60 37 16 74 5 30 79 17 41 47 86 85 33 55 97 94 72 76 41 16 12 36 91 53 14 88 0 
58 8 43 94 63 11 60 23 26 41 54 24 99 86 90 53 15 36 72 76 13 24 11 23 2 36 41 88 69 22 90 8 38 39 66 47 24 21 83 20 22 22 30 85 39 47 37 
71 90 34 42 20 65 89 91 60 30 56 92 42 77 29 31 4 33 66 11 72 61 43 81 83 15 46 62 34 91 77 9 35 23 47 28 5 92 16 92 93 93 60 62 95 23 86 
42 45 44 38 0 99 22 12 74 3 9 47 45 39 13 19 48 70 69 31 99 55 80 96 42 42 86 55 0 38 89 98 68 95 11 47 66 49 79 0 19 73 95 7 92 45 68 
89 96 75 37 42 23 51 27 78 34 26 82 43 13 91 6 16 71 61 57 13 96 3 40 88 79 49 73 24 47 58 12 72 57 19 26 56 59 20 31 81 3 82 81 99 3 38 
29 65 49 68 70 27 13 92 61 95 82 34 4 87 70 16 24 48 37 30 45 41 41 90 2 74 85 50 29 38 88 35 0 8 45 12 40 95 76 84 10 82 64 17 76 64 45 
82 46 83 26 96 30 64 99 53 27 35 40 97 5 90 54 34 14 37 76 12 80 80 82 71 84 8 50 2 76 87 83 72 81 63 91 0 40 91 46 97 97 3 49 24 7 45 
61 48 67 69 45 89 28 89 75 61 25 38 59 72 13 8 53 22 49 16 89 19 87 16 25 50 22 83 83 47 87 24 67 60 15 7 76 47 52 79 66 78 50 14 55 12 2 
42 59 40 61 41 10 12 60 93 86 97 69 57 51 49 78 12 14 74 18 95 37 57 99 47 49 99 11 51 31 13 92 95 53 39 27 94 60 8 27 36 75 48 14 61 55 51 
48 67 55 30 79 62 81 28 6 75 34 63 76 98 65 21 62 65 86 93 54 91 86 3 79 82 41 89 0 86 33 13 20 50 58 36 96 40 66 16 89 80 30 10 98 50 32 
34 13 94 40 56 70 2 93 97 56 71 24 75 33 76 17 2 63 13 11 80 76 32 71 4 2 66 37 56 3 64 77 36 21 20 61 27 35 48 48 29 16 31 96 18 8 32 
53 75 40 71 41 11 31 2 57 53 76 65 94 29 5 90 46 32 81 0 13 78 33 87 79 76 24 78 72 62 21 69 71 99 39 38 13 83 45 62 94 91 77 1 34 93 98 
19 81 62 77 35 42 53 44 10 66 77 2 48 65 84 4 27 94 44 6 77 51 82 42 85 81 97 33 21 49 1 83 60 13 34 98 43 94 61 64 22 14 85 94 56 19 18 
93 87 38 72 6 27 35 63 11 3 74 12 53 75 47 67 57 12 83 11 43 53 15 28 33 38 30 44 19 8 46 82 92 93 88 83 46 6 81 26 58 7 74 91 37 93 36 
73 90 20 49 38 58 53 91 16 16 99 26 25 30 50 18 75 33 71 31 66 15 60 76 32 20 1 99 96 52 13 47 58 72 39 86 66 8 82 18 56 63 68 34 21 35 88 
18 33 56 64 67 61 4 62 65 83 57 29 88 65 87 61 78 62 49 69 94 61 67 50 86 60 95 1 79 72 8 24 39 24 97 9 4 24 15 4 44 81 69 4 70 86 73 
34 27 29 63 3 38 68 47 0 49 88 84 83 32 57 12 3 61 12 12 72 99 38 16 34 29 88 64 46 83 84 94 89 54 64 45 0 61 2 3 35 92 28 50 33 18 21 
17 29 44 42 77 97 55 96 8 84 63 42 71 90 54 19 39 60 77 77 14 4 95 9 20 44 95 21 62 51 39 16 87 78 39 89 44 38 5 33 90 98 88 2 4 88 3 
51 76 12 42 50 68 12 52 74 73 96 6 62 50 18 85 77 39 50 71 8 74 65 99 6 67 0 86 9 8 93 54 59 96 60 30 46 86 72 93 88 35 37 76 98 71 26 
15 5 41 9 40 85 21 74 39 91 55 10 18 69 28 32 88 80 76 66 53 13 24 31 93 84 37 84 26 47 38 37 58 8 44 7 38 0 90 72 0 31 17 7 63 68 22 
5 52 1 80 25 11 59 25 21 28 86 40 49 0 0 1 6 89 17 52 55 89 3 49 63 19 83 62 81 98 32 96 33 79 71 18 44 51 69 63 90 15 90 99 40 2 70 
94 74 92 29 30 71 0 79 27 92 58 87 9 78 44 43 96 31 95 26 45 97 99 61 5 71 9 43 55 53 28 59 27 55 71 80 46 29 52 93 34 82 83 75 14 55 95 
0 28 68 6 9 59 50 17 33 11 88 66 13 51 40 25 81 58 64 10 77 95 39 77 24 4 42 78 94 91 57 15 59 58 63 56 30 8 13 57 64 53 68 62 2 84 8 
54 30 41 98 6 77 70 15 39 4 43 3 53 24 49 54 22 1 60 73 63 14 81 80 85 10 67 83 74 60 38 59 31 80 70 16 46 60 58 82 93 33 36 98 74 79 59 
75 26 56 4 56 1 16 6 16 79 19 69 34 61 24 32 95 96 82 91 63 47 17 76 28 72 91 40 93 4 69 78 72 64 22 12 75 81 10 46 9 88 31 67 32 23 21 
78 34 40 13 18 46 4 65 47 85 72 34 65 35 16 18 97 96 4 26 71 36 83 77 97 11 84 47 33 17 1 48 33 70 56 39 46 98 49 31 8 9 65 35 37 37 52 
44 53 53 10 32 80 59 64 12 76 90 23 77 11 66 98 57 9 52 80 58 98 61 2 29 54 80 47 16 19 81 14 73 53 66 53 4 73 44 79 80 59 13 33 23 93 54 
6 27 45 20 24 4 56 38 55 76 18 17 25 67 94 23 65 97 83 70 34 2 33 60 48 61 33 62 13 32 39 38 89 27 26 90 88 63 3 70 45 75 96 6 96 55 72 
34 78 42 7 67 45 34 63 22 96 74 19 24 56 32 49 5 84 28 55 54 23 10 87 43 23 88 35 90 88 24 96 78 16 82 70 59 78 49 9 15 13 36 72 86 50 35 
39 87 54 56 97 80 18 69 36 53 70 56 87 16 17 83 73 20 35 29 68 91 45 82 98 86 1 79 9 50 2 86 66 93 99 33 99 80 37 37 17 7 88 26 33 61 66 
42 73 87 59 53 0 80 45 37 6 32 4 70 45 70 30 19 4 59 96 23 94 69 24 48 32 89 43 68 37 61 85 75 83 51 65 76 70 84 27 74 57 24 48 46 33 15 
28 56 82 55 59 8 89 57 30 28 92 56 51 51 98 53 0 37 19 49 20 70 11 80 3 37 7 58 31 75 80 73 25 72 5 35 11 18 21 62 33 63 65 99 42 62 88 
79 60 56 28 64 44 0 91 79 16 86 44 55 24 56 47 48 72 51 95 15 9 41 57 18 43 31 35 82 82 31 17 64 80 28 76 69 98 82 57 79 12 62 68 78 64 98 
61 24 51 57 77 46 83 98 14 11 49 35 62 50 66 91 90 99 18 1 14 95 96 48 30 75 45 11 31 4 9 52 51 17 80 86 56 48 40 33 64 90 46 48 94 70 74 
57 5 86 20 87 14 47 76 5 41 55 0 99 49 64 46 64 77 86 92 51 18 10 60 22 62 23 16 20 55 27 51 42 22 52 79 27 52 36 18 66 99 98 9 21 86 30 
96 24 94 41 95 86 17 43 71 56 12 78 61 89 25 60 80 22 88 20 62 40 72 86 48 70 67 54 15 61 66 35 24 0 86 53 61 89 55 75 70 80 15 83 34 53 77 
10 1 8 28 56 63 66 98 42 56 27 18 89 48 52 37 70 71 57 82 9 9 75 50 87 20 69 31 78 82 50 45 48 31 61 94 14 72 93 34 67 2 90 43 52 74 60 
83 40 44 67 82 90 0 24 8 91 77 0 39 34 51 3 18 66 85 53 72 0 54 73 52 21 60 22 39 55 82 3 25 60 20 50 17 13 82 53 35 46 66 61 16 29 71 
57 64 61 99 95 61 8 13 50 60 69 28 25 5 86 92 71 13 46 89 53 32 8 3 52 29 64 22 12 1 25 63 94 3 8 33 93 99 55 65 89 26 3 25 64 66 77 
19 38 92 39 69 29 86 80 67 15 40 25 41 32 86 4 15 47 52 47 56 12 10 41 25 80 35 74 27 18 2 4 52 31 70 94 4 73 28 77 5 40 59 10 91 18 89 
16 15 77 41 59 6 47 11 22 35 61 21 10 71 56 4 39 59 19 20 44 24 38 9 47 98 5 85 87 73 61 55 78 90 99 91 28 94 31 74 82 73 47 65 67 36 2 
88 1 16 88 48 4 19 44 94 17 18 29 76 38 54 38 35 47 81 81 55 84 37 47 6 40 75 34 59 50 26 20 95 52 75 72 84 3 92 51 66 9 49 53 55 30 3 
73 3 5 92 39 35 2 61 97 39 2 91 51 20 67 65 97 81 63 19 13 46 60 40 10 2 6 50 95 78 20 90 57 43 72 99 9 9 35 9 54 78 90 31 0 42 13 
62 86 53 65 1 93 60 91 25 62 65 19 42 4 33 66 41 64 28 58 26 44 15 69 17 34 11 26 64 95 38 88 0 94 92 63 1 31 24 49 53 42 72 74 25 13 64 
