31
9 62 64 12 21 45 7 74 38 8 63 96 53 25 12 34 39 74 68 97 13 77 34 64 87 27 38 40 89 60 69 
31 34 54 89 77 94 45 48 35 92 35 94 33 17 32 54 39 11 54 56 73 14 32 5 13 40 97 56 18 30 48 
89 51 62 39 77 48 16 57 93 57 85 8 56 26 51 3 20 3 92 69 17 18 81 85 41 38 40 35 40 78 45 
35 19 16 62 76 72 51 78 59 77 81 12 51 38 11 81 79 54 10 27 19 67 16 94 79 2 78 42 92 77 85 
15 65 55 33 49 35 46 10 32 49 92 95 59 44 88 72 37 55 21 83 92 59 50 35 14 38 84 10 78 58 5 
58 45 69 13 31 28 71 74 99 41 87 63 50 10 7 30 69 81 92 84 19 66 23 13 8 71 91 8 98 46 83 
34 17 93 67 58 98 51 71 42 84 91 88 60 12 42 64 72 39 74 73 99 50 62 45 77 57 54 81 69 17 63 
0 45 2 13 4 57 53 64 40 80 15 89 65 94 6 86 79 33 16 73 22 39 3 23 19 26 64 80 97 31 65 
59 42 21 77 23 67 30 49 14 51 44 38 79 52 2 55 43 91 94 14 49 44 55 43 58 35 80 12 63 42 63 
95 94 35 96 66 89 96 46 18 83 22 56 40 53 32 62 17 97 74 91 68 65 42 91 38 74 22 66 45 5 24 
76 94 39 24 24 66 34 76 31 56 51 74 90 1 55 38 93 48 35 67 88 22 7 53 75 99 36 16 85 43 52 
84 14 28 95 1 38 79 5 18 84 82 79 15 43 66 5 64 43 42 29 61 52 48 21 64 16 95 7 65 21 99 
62 45 21 17 89 58 30 3 44 67 26 4 11 97 71 33 59 58 61 17 64 41 0 98 65 39 73 41 52 89 34 
35 33 36 90 59 86 22 36 17 21 2 82 52 10 96 22 40 81 55 45 41 32 39 52 41 14 35 86 58 78 52 
72 57 55 68 68 12 22 39 83 13 58 72 85 60 9 72 48 61 3 59 41 64 60 91 44 80 75 75 32 26 22 
58 42 96 67 57 91 68 96 95 76 23 14 16 11 81 31 12 84 90 61 58 57 24 73 49 68 11 58 52 30 69 
16 46 13 96 36 60 96 13 40 96 31 96 77 10 42 42 57 82 35 46 56 94 80 17 82 5 47 50 10 53 28 
70 86 54 81 93 44 53 45 1 99 20 76 58 51 71 60 24 86 72 61 58 82 4 13 37 0 71 18 73 47 10 
42 58 55 56 98 71 38 70 80 76 76 53 79 91 95 66 12 3 87 56 81 84 52 74 59 38 42 11 69 0 57 
76 37 16 49 93 79 23 9 57 93 15 60 65 3 38 47 40 14 2 23 28 25 94 30 71 23 0 57 40 96 99 
0 7 24 65 77 90 26 91 59 62 74 58 95 81 29 11 46 92 27 94 99 77 83 46 4 68 27 89 80 28 82 
3 20 85 87 77 62 17 17 13 11 80 77 53 44 69 13 54 56 26 54 90 70 19 44 22 27 16 18 54 28 93 
5 15 72 60 63 56 44 23 17 80 13 19 58 59 56 81 62 88 81 7 31 12 49 74 92 61 89 12 4 70 60 
89 63 51 42 16 47 93 88 36 5 20 61 60 87 49 90 88 38 55 21 62 90 54 59 98 58 55 64 30 42 27 
85 54 97 15 89 88 51 57 90 20 27 37 94 10 38 23 39 8 87 77 32 23 40 80 89 63 43 29 34 45 35 
6 79 61 46 55 90 96 43 91 73 94 57 16 50 33 78 76 86 80 46 81 26 51 44 60 91 41 63 89 44 90 
83 59 1 90 44 52 79 57 44 52 22 32 92 55 64 10 67 61 95 83 15 39 71 38 10 35 76 91 50 21 27 
4 63 13 27 85 93 52 33 94 33 12 28 41 91 92 32 77 90 33 24 3 14 11 75 99 67 88 76 43 52 88 
5 36 41 41 18 42 50 69 16 19 90 38 16 44 20 66 74 40 86 22 39 38 70 61 39 58 70 25 24 27 52 
26 76 68 68 58 74 77 18 82 20 25 83 3 61 50 77 81 22 78 39 73 56 45 56 89 21 16 79 71 20 68 
80 3 26 55 21 17 46 42 3 11 41 12 81 55 76 96 15 41 77 16 2 93 60 4 40 56 86 84 70 26 3 
