87
85 74 51 65 34 40 40 54 53 53 80 22 40 91 47 32 77 0 96 78 44 58 67 71 70 77 74 93 82 45 0 20 73 38 78 14 77 45 86 19 86 92 6 40 44 57 25 37 70 43 65 49 48 22 65 59 17 43 71 38 27 57 18 77 43 50 46 54 66 46 49 98 30 89 54 46 80 44 93 20 10 74 37 44 40 37 62 
66 16 49 48 43 94 84 90 52 31 69 12 50 58 58 26 47 82 92 69 2 99 64 36 35 23 40 93 54 9 57 44 70 92 31 65 14 58 22 38 56 14 88 62 54 37 99 45 86 76 54 97 49 74 12 30 9 76 34 0 41 46 47 21 86 86 6 90 87 33 86 86 93 10 5 23 17 6 64 73 32 46 99 49 66 36 38 
55 18 89 59 42 2 60 23 34 78 16 17 28 84 84 46 4 95 36 8 92 64 17 0 24 88 78 46 50 11 86 37 86 39 13 56 0 20 38 25 91 87 36 0 18 51 29 1 90 99 97 51 47 23 87 76 56 58 26 39 2 93 27 68 73 66 54 20 97 8 73 25 79 3 4 80 8 64 28 90 57 20 3 5 23 2 24 
45 42 98 8 39 4 91 28 61 46 77 47 99 1 10 80 63 36 8 14 33 79 24 40 94 9 57 55 27 56 92 19 49 10 12 6 29 12 2 88 26 57 11 80 50 40 13 44 18 88 76 28 66 94 11 6 26 58 44 34 87 7 93 9 21 67 88 50 73 18 30 12 64 96 68 37 21 27 50 89 12 88 85 64 35 21 69 
65 48 92 28 6 89 10 87 9 37 42 7 18 0 67 62 20 79 45 60 6 30 81 45 26 43 95 70 4 72 93 13 62 49 34 65 57 95 32 68 0 5 7 3 56 78 94 24 59 39 13 15 43 95 38 85 3 53 23 12 54 90 76 68 40 45 37 20 13 24 10 32 5 1 18 18 22 57 91 37 78 48 96 74 20 88 83 
79 98 76 50 57 5 69 12 22 12 20 37 91 60 13 62 25 61 93 39 19 95 39 63 48 20 50 26 51 49 51 27 51 28 77 45 26 8 36 57 6 85 5 93 96 36 44 71 17 67 32 37 74 50 28 41 51 53 1 3 96 82 27 66 80 59 0 52 4 17 67 61 5 48 6 15 18 87 53 33 92 60 12 53 79 33 7 
93 2 62 36 42 52 91 17 20 47 27 85 39 46 19 7 46 42 73 98 45 81 40 59 88 80 40 87 95 19 55 32 60 63 67 85 24 19 20 95 14 96 43 76 5 64 90 59 11 70 62 40 32 73 22 94 69 83 66 79 11 80 8 24 0 24 67 46 17 29 66 37 91 70 88 45 19 34 45 11 32 17 46 42 91 46 79 
87 15 41 38 90 89 24 72 74 51 97 15 45 72 99 87 30 51 10 25 28 89 96 62 16 18 31 79 98 24 77 14 49 67 72 73 45 68 74 46 11 25 96 94 16 67 19 84 82 43 84 99 56 71 95 48 61 80 59 14 49 5 41 82 8 79 82 11 36 97 34 8 82 16 3 45 24 16 71 73 14 69 11 61 55 32 86 
27 47 66 54 38 27 95 53 17 73 61 71 31 15 48 28 41 31 22 30 95 81 72 2 51 49 99 36 28 39 69 88 71 9 73 99 99 52 30 35 2 60 32 20 45 26 69 53 25 15 42 59 25 67 50 56 88 87 37 83 71 86 58 23 52 31 56 59 22 48 46 70 65 59 97 45 99 29 99 59 8 37 65 68 55 22 44 
13 93 93 5 15 79 30 39 78 98 14 71 10 3 71 70 3 34 40 11 90 98 83 23 4 94 90 18 49 96 98 64 57 55 83 93 89 8 8 40 14 53 42 22 35 57 57 43 28 73 15 86 50 93 2 41 67 43 69 9 71 40 55 15 85 16 51 45 80 53 28 52 37 53 45 78 4 29 14 73 75 94 99 2 82 41 29 
17 52 59 14 94 2 64 28 45 76 62 56 35 37 62 10 64 85 98 57 6 18 6 5 68 66 81 84 24 77 73 79 47 91 39 66 65 58 56 11 82 45 7 11 21 92 68 82 68 16 44 74 70 40 69 68 23 39 46 15 79 41 50 61 14 36 25 72 79 42 27 30 13 38 33 54 94 97 3 80 16 4 4 63 94 32 61 
73 80 85 1 63 87 71 55 56 11 67 22 57 47 19 73 35 67 70 70 84 94 23 98 59 4 60 32 64 43 90 63 73 61 92 18 57 84 98 34 14 82 65 82 48 26 88 96 68 8 38 52 14 34 83 62 17 59 76 9 38 64 36 95 32 67 77 17 76 83 40 31 48 55 17 5 81 15 71 57 6 88 12 46 75 37 16 
78 0 42 29 43 72 58 84 4 55 1 46 58 80 51 34 55 54 85 27 24 37 46 2 42 37 99 46 59 60 67 47 47 10 5 33 59 23 47 46 38 92 49 17 61 22 60 7 53 96 82 71 89 59 43 53 71 1 92 82 25 72 48 60 52 69 84 66 23 18 21 96 14 47 33 53 15 21 63 80 66 17 8 1 1 28 22 
97 99 22 84 62 59 83 13 39 6 82 70 95 44 89 99 12 8 70 98 70 42 89 83 45 30 11 47 33 37 91 0 2 83 92 51 93 52 78 85 79 64 29 80 4 23 21 54 6 91 68 52 48 23 71 88 18 20 85 17 4 63 9 52 15 78 14 41 56 78 44 0 21 3 83 58 49 10 37 44 52 51 89 66 63 94 67 
70 42 89 98 84 93 12 48 35 34 93 38 25 29 48 46 7 36 82 69 12 6 71 33 87 72 97 64 82 96 56 36 70 50 84 35 18 28 37 63 87 16 96 98 88 54 6 99 53 5 74 54 50 36 68 22 67 10 5 11 38 69 87 26 99 25 85 29 12 97 20 99 26 76 10 56 30 9 48 75 66 92 2 57 87 97 39 
52 78 68 34 4 3 56 40 41 98 72 57 10 93 48 83 98 43 16 19 90 23 88 78 67 50 0 19 62 60 91 90 98 26 23 61 4 64 92 40 71 61 95 4 87 84 41 21 76 3 41 8 37 27 74 56 70 38 86 61 92 57 33 43 32 6 18 61 59 31 5 37 17 2 77 21 76 16 45 65 84 17 70 16 41 53 71 
82 81 5 10 79 33 6 15 92 6 27 87 55 9 14 27 5 89 48 23 37 25 54 26 1 26 73 76 33 38 6 36 40 67 43 71 57 75 34 97 27 69 71 23 82 14 22 31 70 30 7 93 92 74 38 38 75 31 27 19 28 12 50 15 82 88 93 58 8 99 30 39 95 97 60 14 55 30 23 83 74 25 76 10 8 26 72 
64 5 46 48 6 71 35 61 34 24 9 38 67 44 90 78 6 39 97 34 15 57 25 81 21 40 33 70 15 24 55 15 84 74 20 55 6 42 7 66 79 90 10 54 25 80 26 98 69 89 45 51 23 21 23 59 64 67 6 97 16 34 44 68 14 38 71 16 75 44 24 51 56 12 61 69 69 21 8 50 75 52 34 9 49 3 51 
90 36 77 33 30 20 2 48 15 23 48 54 99 48 82 5 14 20 66 80 96 87 78 72 53 74 72 43 67 55 26 11 14 57 72 49 12 88 57 76 12 13 14 79 37 46 99 60 88 84 88 47 42 34 52 29 64 50 92 4 98 2 26 97 43 83 26 11 35 76 23 33 30 66 67 6 61 77 16 27 4 10 11 33 75 19 70 
41 75 61 34 46 44 5 80 55 84 91 14 6 87 7 3 89 39 33 99 95 36 76 68 35 84 24 33 46 48 6 81 71 66 48 9 20 7 26 12 15 47 47 32 71 21 74 45 73 5 66 22 11 56 80 28 0 2 8 99 3 27 30 44 26 72 36 25 35 27 14 41 86 90 13 7 32 48 12 22 73 21 97 16 38 79 41 
47 82 55 76 37 7 98 80 84 84 19 64 66 26 2 20 19 16 81 52 41 24 4 19 66 69 18 67 9 18 28 22 34 89 34 63 44 46 61 23 92 79 61 96 12 89 58 17 3 53 82 12 9 29 81 53 80 25 26 98 69 86 36 84 28 37 49 9 54 61 94 57 49 8 46 84 83 97 46 69 1 49 27 61 19 63 92 
38 81 60 95 12 36 19 49 63 82 94 74 59 49 19 75 16 75 31 76 80 19 78 46 56 80 84 26 8 47 78 44 91 24 88 62 96 38 47 85 22 92 8 78 39 27 73 24 20 57 80 49 73 8 18 39 33 77 49 53 11 21 91 50 88 90 11 63 14 31 78 92 50 9 46 85 79 9 14 27 22 27 35 43 73 66 99 
44 12 79 54 0 76 41 53 92 93 42 63 53 14 51 70 0 2 25 70 15 78 68 67 54 30 38 44 80 10 85 49 29 63 15 29 9 98 87 97 32 93 41 86 78 36 86 82 11 12 93 86 11 88 82 71 12 92 2 15 92 39 30 7 75 48 0 72 98 45 59 42 65 85 58 65 28 8 28 15 84 50 45 64 94 89 21 
10 17 67 26 96 17 48 51 29 64 19 99 57 96 25 85 17 28 80 50 1 68 47 82 39 44 24 4 94 52 73 8 85 22 84 7 34 69 45 5 16 86 54 44 25 47 47 21 21 92 39 68 16 1 44 14 98 21 51 71 57 1 72 2 63 14 2 40 71 73 74 20 83 97 51 74 20 87 17 39 94 17 42 73 83 81 15 
49 11 61 83 73 29 41 51 65 45 49 58 57 65 69 72 93 55 11 15 25 42 35 93 16 53 95 93 17 69 42 28 51 46 88 56 39 62 87 37 0 38 79 68 60 6 57 1 18 79 98 1 34 27 64 98 42 53 39 43 51 48 49 87 29 92 48 41 60 36 80 70 14 14 57 96 54 36 76 71 44 7 45 42 57 15 18 
0 90 95 75 9 87 35 38 64 45 56 43 59 53 39 28 98 25 66 66 49 46 52 35 97 80 16 93 6 1 58 73 71 0 90 26 6 2 37 65 20 60 50 28 9 69 18 43 57 20 93 14 47 49 26 70 35 60 25 77 8 54 75 5 91 89 18 93 79 72 32 33 26 95 71 99 64 57 27 32 43 55 44 26 36 22 18 
33 2 66 67 49 25 89 76 25 28 91 68 42 0 56 54 15 30 60 94 9 16 68 16 48 93 30 82 49 42 51 28 36 36 16 0 41 52 26 47 42 87 15 87 24 52 35 17 67 68 53 80 93 44 71 75 3 1 44 19 75 34 84 7 18 35 40 31 78 71 52 58 32 11 14 88 99 96 12 87 97 88 32 40 99 86 46 
94 25 73 19 8 4 59 26 33 60 25 44 10 74 96 56 63 91 4 2 58 16 64 96 41 36 30 67 10 84 83 96 50 86 80 98 8 97 90 97 81 22 80 98 5 68 51 21 87 90 26 25 13 17 83 38 79 62 7 33 43 75 70 49 63 17 74 89 68 5 47 68 14 96 95 20 0 1 17 32 66 67 93 93 30 69 38 
87 85 61 77 17 95 40 49 62 90 55 56 64 67 84 81 35 22 57 31 76 9 43 38 40 0 24 97 32 0 61 1 22 15 58 14 49 44 7 0 63 32 20 80 43 85 55 89 23 23 46 2 77 65 53 42 38 69 49 83 40 72 75 99 44 44 24 25 44 1 77 29 59 36 76 40 62 75 25 23 60 22 3 37 6 34 23 
80 9 61 8 6 31 9 82 21 88 62 9 2 33 35 13 2 78 49 62 23 58 68 22 42 41 67 8 45 21 3 34 1 14 27 99 89 7 43 10 39 43 44 55 1 94 16 55 16 70 63 76 49 77 33 94 19 19 78 57 81 1 41 72 88 61 81 35 58 34 3 27 16 16 41 71 79 18 15 67 14 92 89 20 38 28 49 
54 22 73 71 69 81 62 71 20 87 73 18 88 25 95 5 58 5 76 90 48 54 33 57 54 69 18 41 34 90 95 21 45 50 60 46 41 1 27 85 11 87 74 13 6 8 37 95 58 14 95 96 92 48 18 93 67 81 60 17 16 21 78 67 55 64 95 74 81 69 6 20 91 43 33 99 45 96 70 59 76 6 96 73 29 88 63 
28 34 81 29 30 16 52 25 26 61 4 59 61 81 38 22 47 59 17 22 53 76 46 69 13 26 82 63 74 92 86 23 65 16 98 58 48 68 78 21 75 57 49 39 34 36 55 67 63 63 90 20 97 8 77 14 76 86 6 81 27 33 38 66 0 40 52 51 76 94 26 20 73 65 32 48 24 36 87 93 19 15 57 63 8 73 49 
76 68 75 73 82 36 48 40 24 38 22 26 63 88 54 90 39 57 85 28 77 80 11 52 80 0 32 87 13 6 46 90 77 82 34 60 57 69 4 41 85 54 98 93 90 24 62 22 3 21 67 59 19 47 98 17 96 60 21 64 67 74 65 44 4 5 50 67 3 53 3 88 77 37 57 64 49 18 96 32 78 4 97 18 37 3 64 
43 33 98 51 48 67 42 88 96 5 89 35 1 67 38 55 77 0 74 30 29 11 45 25 45 30 83 79 60 92 1 3 0 79 75 24 14 25 73 4 84 20 87 1 51 70 90 12 47 62 53 73 37 85 57 89 38 5 9 79 63 72 29 69 38 18 98 34 14 52 70 21 6 13 71 17 76 35 47 80 69 91 75 75 11 95 73 
36 58 93 31 91 52 80 3 7 7 74 80 12 62 53 55 70 29 40 31 82 89 11 39 41 28 68 27 39 97 56 75 13 73 68 16 54 3 25 38 20 1 76 19 11 44 88 86 33 53 41 62 92 14 17 51 40 5 75 18 41 4 61 49 69 83 44 48 72 91 74 28 66 3 14 6 98 9 83 73 36 58 96 57 87 23 10 
67 41 61 25 15 33 32 41 28 0 80 31 40 54 49 91 16 47 85 25 42 61 20 61 14 52 8 1 6 20 55 70 28 16 3 50 54 96 28 52 92 78 21 35 15 11 36 5 77 88 76 57 2 84 98 32 98 44 72 45 48 6 15 84 71 5 63 67 4 5 41 96 5 51 80 71 45 11 89 60 29 53 30 35 87 36 15 
84 13 6 96 58 88 69 66 84 19 51 57 10 32 40 58 38 19 86 39 10 75 42 28 43 66 94 9 25 96 24 46 66 19 88 70 85 89 98 73 15 15 23 57 88 51 98 24 76 22 36 89 66 89 93 88 43 25 94 76 24 65 24 60 38 0 79 33 2 4 36 64 41 91 33 39 10 52 74 3 66 34 85 22 74 10 23 
74 79 2 38 31 49 35 56 13 63 95 19 97 13 84 19 30 13 50 20 56 78 24 24 79 84 7 93 46 82 14 76 62 92 25 94 82 70 41 97 96 5 38 15 7 55 65 32 5 7 34 22 67 57 53 48 79 92 76 39 25 53 61 69 4 10 74 98 57 88 72 94 70 33 16 0 81 14 76 69 78 24 25 45 55 8 66 
15 60 57 15 92 56 41 32 57 7 56 37 54 72 72 59 99 18 87 28 83 53 19 92 44 72 16 13 46 18 1 48 56 1 13 82 8 2 49 47 12 75 82 86 61 72 52 74 77 30 6 79 90 1 27 2 97 29 10 40 4 48 38 58 87 11 12 30 67 35 17 37 98 38 77 89 88 72 30 74 15 96 19 18 61 55 0 
57 90 97 91 99 5 83 1 73 9 98 7 12 85 79 25 54 16 62 12 17 55 4 37 38 53 48 45 43 74 66 72 66 21 30 42 22 99 32 76 63 96 97 42 78 53 42 37 59 5 64 12 60 54 80 48 7 87 99 5 27 79 91 45 83 97 74 8 21 47 8 90 11 98 69 12 89 32 68 65 71 53 79 9 48 52 60 
25 20 38 29 90 10 13 44 93 79 6 41 40 12 33 58 66 62 35 2 81 77 90 37 5 2 17 40 14 38 78 32 35 49 13 86 5 32 20 11 30 75 33 57 35 42 49 70 66 59 1 75 78 45 7 62 9 73 0 43 52 42 65 93 53 83 76 53 53 60 59 74 50 17 69 32 56 61 14 64 21 67 22 93 99 87 86 
42 25 83 46 7 22 32 98 46 17 97 84 7 51 8 0 15 72 89 70 34 16 79 9 36 30 25 21 72 15 86 68 69 77 13 87 81 0 36 40 58 30 96 84 96 39 23 29 17 47 74 21 25 35 90 46 39 75 41 67 48 71 89 49 31 49 86 44 89 68 98 61 67 84 27 96 75 12 92 35 48 97 36 33 75 52 4 
53 71 7 72 7 28 86 14 17 32 74 90 12 62 7 46 74 5 30 58 76 45 14 9 94 41 97 92 46 72 19 19 46 46 58 33 25 32 49 55 24 96 74 22 67 41 48 72 99 78 70 50 85 33 78 52 45 6 30 89 84 10 45 93 60 79 60 96 77 78 19 65 41 40 50 9 74 29 76 0 28 55 39 22 86 88 0 
78 69 1 14 95 84 35 34 47 24 46 61 22 52 15 17 5 97 87 70 24 67 32 94 33 57 21 65 75 99 2 99 75 2 57 80 43 57 7 57 89 90 15 73 39 17 14 26 65 80 85 71 86 16 52 24 52 73 23 68 96 69 2 19 91 92 41 72 4 15 15 70 51 66 50 88 30 84 13 79 38 58 38 99 16 85 13 
30 62 25 41 84 30 58 82 54 10 7 16 6 7 62 87 83 44 83 76 58 39 17 77 47 84 87 74 8 73 20 92 53 97 81 15 29 87 48 27 17 0 82 15 53 27 75 71 49 46 86 28 7 82 1 30 91 90 86 29 64 37 15 77 16 58 60 25 95 50 59 60 54 77 14 47 79 45 41 58 82 0 7 21 3 24 51 
15 39 10 68 28 84 33 30 32 32 13 36 79 74 80 38 63 77 77 39 49 95 56 73 25 70 69 46 77 10 5 99 29 74 71 77 5 61 40 71 0 21 98 35 22 70 76 52 5 41 43 73 16 77 32 49 15 77 95 95 92 0 36 98 92 32 48 29 14 89 6 28 54 66 41 62 85 91 63 72 29 15 77 32 39 9 42 
71 50 53 44 25 4 45 57 23 47 74 95 59 94 98 92 76 25 3 70 29 12 29 11 31 84 23 1 95 60 19 21 94 56 9 89 9 10 25 48 26 75 24 10 84 73 42 54 27 51 30 61 3 79 69 67 47 94 31 96 19 95 99 49 31 53 15 2 59 71 8 2 55 47 45 62 52 55 23 86 58 37 4 45 65 38 25 
56 19 90 78 74 4 66 78 31 77 90 11 31 99 18 95 63 55 28 86 27 75 73 92 87 72 86 15 88 27 57 74 77 75 41 70 4 26 7 14 75 64 39 42 76 96 55 44 18 89 98 38 97 92 29 20 78 57 56 99 52 17 69 8 39 48 83 35 64 40 72 0 88 68 91 95 9 99 58 64 7 61 21 82 28 9 57 
5 1 57 68 3 38 79 40 84 1 5 35 46 82 19 71 80 62 62 20 75 86 56 19 16 87 84 4 53 4 80 12 54 24 53 1 20 19 24 92 84 59 66 86 95 80 31 15 38 77 20 83 86 3 59 34 54 53 8 84 72 29 54 86 83 25 56 40 73 37 10 72 42 38 51 16 37 29 16 24 91 46 17 95 75 11 60 
92 23 37 56 12 62 43 26 15 51 79 98 5 39 17 19 0 12 61 85 20 32 25 62 54 1 73 18 2 98 0 66 12 36 44 41 5 80 73 94 44 28 23 8 84 53 11 11 17 63 89 83 79 25 23 0 46 1 9 77 49 17 4 14 17 7 61 73 19 81 1 72 79 69 75 13 48 0 35 24 77 24 97 26 97 48 37 
35 58 48 14 21 75 89 76 0 13 30 29 83 66 42 57 57 18 90 35 29 25 16 76 60 30 21 97 84 53 24 1 83 20 4 28 90 45 92 89 64 60 43 19 67 53 71 95 13 60 95 37 92 49 40 96 4 86 8 18 27 48 94 48 16 87 26 44 73 51 6 89 30 40 8 20 45 40 87 41 43 29 56 36 67 70 32 
2 36 43 20 75 70 1 41 98 53 63 43 22 84 0 26 41 65 74 59 90 94 97 26 72 41 1 93 85 41 84 89 57 32 92 56 29 74 46 46 11 51 4 45 29 42 45 25 77 90 83 22 8 65 78 9 52 25 76 62 62 46 37 7 26 39 97 58 27 17 28 24 55 70 59 10 17 92 14 46 20 93 42 64 56 78 4 
4 77 48 63 83 79 43 91 17 46 15 79 60 89 29 94 60 34 50 2 21 67 40 58 10 32 17 39 88 86 90 70 38 67 6 4 76 91 43 10 7 39 22 56 32 0 50 46 62 32 27 59 49 18 53 2 89 20 96 18 40 18 52 97 4 93 42 13 57 42 66 64 15 42 92 42 41 43 38 77 72 69 40 21 32 74 91 
42 90 79 36 79 83 37 28 5 73 89 37 13 18 97 44 51 66 83 99 16 15 83 59 71 93 76 78 96 12 52 58 61 77 31 94 79 45 58 15 49 97 74 19 76 79 83 78 91 62 86 89 78 21 55 32 35 67 27 45 4 99 83 75 40 83 14 70 48 93 94 63 14 26 63 12 58 72 52 19 78 43 3 96 92 45 79 
53 58 30 80 25 61 92 64 29 31 63 57 83 4 73 88 54 20 93 1 12 4 94 45 51 14 80 81 81 2 78 60 11 79 15 1 89 0 10 38 77 29 50 61 15 58 60 1 84 94 41 69 50 84 95 1 39 47 98 70 79 5 24 85 53 59 62 24 59 87 7 37 97 67 84 60 28 10 94 24 35 53 51 17 35 4 84 
1 69 47 25 92 21 23 43 23 75 42 62 46 93 76 18 26 99 89 4 39 67 56 87 33 73 93 62 70 67 43 29 52 27 67 27 17 42 94 27 77 74 60 88 87 36 2 59 5 98 98 67 98 31 80 83 65 81 93 8 80 6 25 7 27 5 14 75 3 87 73 68 16 73 20 43 35 47 13 50 56 79 11 24 92 18 51 
58 99 8 90 69 71 40 10 4 21 1 46 19 79 96 76 86 26 40 94 35 90 92 94 91 9 25 59 16 95 50 96 28 4 1 52 18 87 68 66 82 26 45 32 35 50 32 12 69 98 63 48 42 0 45 35 22 48 52 99 90 82 68 2 33 35 72 18 70 51 39 26 23 83 5 84 4 2 89 31 17 13 43 0 45 68 83 
78 67 28 0 31 91 64 56 35 45 8 41 53 66 57 37 44 1 75 99 85 10 60 1 34 54 26 43 75 31 72 17 73 78 45 62 11 42 35 89 23 32 68 93 64 74 39 33 30 30 10 69 92 88 64 25 90 28 2 27 28 97 42 33 94 59 12 9 98 76 85 57 20 58 26 34 24 21 63 97 59 92 69 98 28 78 93 
17 50 43 99 79 48 18 60 49 84 82 32 17 65 16 75 10 91 56 51 14 65 48 31 43 43 33 48 66 14 85 57 48 94 28 44 28 67 72 16 50 51 51 38 90 7 31 57 37 9 92 34 85 71 26 52 68 55 47 97 82 74 41 75 60 10 77 6 5 20 91 87 40 32 82 65 81 70 40 35 61 81 43 95 70 45 15 
87 60 13 84 58 5 80 73 86 95 59 99 24 39 12 4 69 99 37 3 13 97 59 72 65 16 47 13 15 85 36 85 54 38 55 22 67 59 47 26 4 33 15 58 35 44 67 2 70 38 32 18 19 82 1 47 63 36 47 79 73 26 19 49 6 36 71 88 39 56 76 95 71 0 56 43 34 10 84 14 86 87 8 27 18 61 86 
16 45 98 1 11 42 29 48 10 70 48 87 33 98 37 26 1 48 75 21 84 45 16 56 40 21 84 5 19 91 53 59 31 19 2 29 10 41 23 12 77 28 79 62 3 93 21 46 39 19 25 58 74 97 95 15 47 23 61 7 24 77 78 71 25 20 64 28 17 15 47 14 5 7 96 65 25 71 0 28 10 48 91 63 10 17 37 
48 79 91 16 94 87 72 53 23 58 42 43 21 86 3 10 44 64 18 5 70 23 13 27 83 77 7 40 88 30 66 36 40 22 3 79 75 40 65 48 43 81 7 44 31 47 33 58 35 26 99 52 62 57 46 61 28 65 32 38 93 68 79 68 91 85 73 87 8 60 31 25 26 79 36 95 84 58 14 97 18 36 40 70 26 55 22 
82 47 14 79 19 87 54 80 19 64 42 15 28 67 73 79 88 85 55 66 88 64 57 53 19 82 85 51 91 41 88 98 62 16 99 87 88 81 94 38 11 40 33 43 2 51 85 4 63 92 69 55 62 53 74 70 22 75 38 22 98 51 22 49 90 42 92 2 61 3 78 72 95 70 77 42 8 68 62 98 44 98 51 36 7 96 7 
82 0 29 51 98 21 48 40 44 61 89 38 50 42 21 28 95 56 80 43 52 48 86 94 54 78 81 22 61 33 74 23 84 20 23 91 99 82 0 82 86 27 47 25 81 99 23 75 66 53 72 46 17 40 37 59 35 33 26 5 5 20 58 85 17 18 49 10 29 54 0 0 64 5 86 76 9 55 5 62 85 98 22 75 97 17 54 
55 90 94 44 14 90 58 28 47 56 75 49 9 64 32 78 34 32 38 26 27 7 47 80 11 49 23 87 70 40 22 56 96 30 24 5 5 75 29 72 56 6 30 41 52 8 50 72 17 1 82 65 75 71 83 67 69 21 44 3 77 21 56 55 76 51 95 61 63 31 55 50 3 62 59 81 42 76 10 49 67 88 33 89 20 81 90 
25 92 46 18 26 87 2 8 87 42 66 4 9 67 64 26 27 58 68 94 83 64 66 13 9 85 99 80 90 65 81 38 68 71 67 28 95 18 78 72 88 81 94 90 13 74 72 6 29 16 61 8 85 69 36 7 81 55 66 58 14 83 91 5 56 28 76 67 23 74 28 88 58 79 44 45 77 68 24 5 30 25 32 40 39 22 24 
24 79 97 96 11 55 13 67 96 75 50 90 73 45 8 41 94 18 87 11 81 84 28 49 37 97 57 57 39 27 62 32 43 92 20 61 72 41 40 20 70 2 1 36 32 14 44 82 96 94 96 72 83 31 10 93 91 6 52 73 47 99 18 93 41 61 70 70 43 81 7 88 89 14 85 75 44 54 5 53 59 28 48 38 14 26 95 
65 91 1 17 28 98 67 57 71 18 9 48 90 38 19 91 81 15 94 66 42 59 49 80 31 19 19 34 9 18 28 23 25 73 86 2 29 51 33 40 66 66 32 63 9 49 71 92 53 89 26 40 2 31 38 8 60 60 19 74 42 68 70 57 20 32 30 62 60 7 43 83 14 96 34 37 36 82 72 9 18 55 14 79 38 27 18 
17 19 69 64 56 44 62 4 54 64 10 64 1 61 40 37 53 55 78 72 27 47 15 43 34 89 61 50 27 66 67 32 37 82 39 91 88 15 22 77 29 56 93 55 92 57 76 80 22 32 78 40 34 60 48 24 52 6 62 90 92 59 20 65 57 16 74 2 18 0 20 98 47 59 45 17 53 56 83 96 15 55 65 28 12 37 67 
34 82 89 87 95 66 52 9 33 12 72 74 7 14 83 82 22 23 7 56 74 57 5 43 61 60 3 6 59 51 22 82 86 93 78 32 80 89 65 54 31 59 60 26 25 64 94 10 78 2 58 28 96 64 4 10 54 84 51 35 44 29 26 0 31 1 5 89 9 29 19 8 24 97 62 84 4 28 19 67 66 43 13 26 80 2 37 
43 96 59 12 66 42 44 13 29 10 1 97 73 26 11 37 73 36 96 84 42 52 74 70 62 38 83 48 58 63 47 9 59 59 50 15 24 2 78 56 30 43 66 16 74 63 17 0 23 90 4 52 53 85 6 86 62 69 62 63 80 44 52 92 76 30 53 6 17 37 85 10 30 54 91 17 54 32 76 19 54 55 54 35 92 40 28 
23 27 92 58 18 79 51 11 77 32 50 35 82 28 24 0 52 49 2 61 7 34 6 36 67 28 27 73 21 9 4 52 66 25 82 6 69 25 96 29 0 23 42 81 79 63 22 26 33 83 99 91 27 61 31 18 51 19 69 74 18 30 4 35 70 45 48 72 40 4 87 82 74 23 35 30 21 44 87 17 5 1 67 58 5 21 21 
96 43 31 62 41 2 60 74 27 80 17 38 96 91 17 28 75 10 54 61 59 51 15 95 48 61 38 48 5 26 80 87 31 44 22 74 33 48 55 66 21 87 20 87 12 41 75 72 86 40 91 99 75 91 66 6 63 84 18 47 37 32 71 49 60 61 14 12 47 10 14 94 93 51 43 77 65 28 92 14 25 57 90 51 47 24 40 
92 94 79 22 23 17 8 66 39 41 67 38 49 42 71 7 91 28 17 80 1 69 62 70 81 26 96 12 58 35 89 12 18 8 49 65 77 34 61 40 78 20 81 82 69 78 50 88 18 80 40 94 46 16 76 62 27 23 6 92 51 81 36 31 58 43 62 95 77 19 53 11 36 27 11 19 43 64 32 58 62 82 21 13 2 13 18 
91 16 50 54 34 88 36 71 93 42 50 23 44 70 1 7 25 39 72 90 27 24 4 10 32 11 91 35 70 57 21 49 23 42 61 57 79 34 34 47 97 77 25 99 29 17 92 90 35 98 5 53 9 20 37 74 36 97 17 18 51 33 83 67 84 26 10 62 54 12 75 76 49 91 68 95 29 74 11 52 60 69 68 85 94 90 96 
45 96 96 50 11 43 72 52 92 79 25 67 1 3 19 8 18 11 73 15 6 68 57 70 11 78 68 84 37 32 67 68 87 33 92 68 9 3 51 43 94 64 2 91 43 94 47 89 41 20 53 46 68 95 33 54 4 15 36 64 53 30 46 78 8 55 78 89 53 9 17 1 0 63 1 81 11 44 63 73 65 59 65 69 10 37 50 
79 56 20 19 22 10 76 16 74 19 17 72 15 38 84 19 93 70 47 2 99 9 0 16 73 74 38 27 92 23 6 26 20 65 73 19 93 27 67 89 31 98 57 72 56 77 28 5 0 91 93 85 4 18 6 90 40 67 23 49 3 4 26 14 34 8 37 19 9 93 1 33 53 72 49 45 55 52 37 58 98 97 17 79 68 78 98 
28 78 10 75 83 43 52 94 17 52 93 42 11 45 83 45 47 61 64 78 3 39 90 88 67 94 2 79 18 6 67 81 59 17 97 54 23 94 52 77 53 55 55 62 51 99 33 8 52 6 64 80 39 26 72 96 63 80 99 75 88 76 55 70 7 70 54 68 70 57 99 59 99 78 52 70 35 62 40 84 7 89 34 38 59 47 29 
90 8 53 44 84 20 53 42 85 75 64 3 32 37 92 13 97 47 42 7 1 28 10 91 68 97 34 59 89 77 42 42 68 88 13 94 67 78 69 87 35 44 89 61 83 54 92 59 77 28 26 15 25 8 43 63 68 6 88 43 41 8 54 49 20 63 67 19 12 98 84 74 35 74 21 12 9 51 39 76 5 7 55 70 80 21 41 
35 64 46 24 18 62 92 1 65 78 78 99 95 31 28 6 60 89 16 77 60 74 51 26 96 29 44 76 70 83 34 64 44 45 32 93 32 0 29 58 39 68 69 75 48 59 37 11 52 9 59 84 93 97 62 14 4 39 78 18 8 82 51 88 93 98 65 19 29 50 75 97 30 20 84 88 29 93 16 7 31 68 51 79 99 60 85 
5 79 17 70 65 52 93 48 9 42 36 44 68 9 66 62 2 27 21 2 96 62 57 24 34 56 13 67 18 30 41 38 68 2 11 75 32 91 67 2 43 72 57 58 53 48 13 15 93 29 91 68 15 98 31 31 28 99 24 16 36 57 73 47 48 16 91 23 99 31 73 35 10 70 63 43 41 69 22 13 58 28 55 74 76 58 59 
61 5 33 98 25 49 54 63 7 99 30 99 67 95 60 83 21 90 84 45 22 73 54 24 24 65 97 56 95 12 75 96 12 25 69 50 24 6 51 49 82 7 7 26 22 92 8 69 43 63 15 36 16 48 81 42 12 18 23 14 92 47 23 7 17 65 76 56 95 99 58 33 28 67 95 76 82 93 22 18 69 58 2 75 73 56 63 
21 41 1 66 49 60 67 47 12 89 11 89 24 38 99 29 56 29 58 11 74 92 99 89 68 27 37 66 42 88 41 24 5 11 58 35 66 36 95 95 91 23 40 0 27 98 19 89 86 50 82 46 27 63 97 87 33 94 13 98 65 74 8 5 94 99 65 22 84 60 49 79 71 43 96 38 32 47 54 2 10 17 85 33 71 33 35 
6 70 44 58 39 73 35 52 16 23 19 51 25 11 39 97 31 41 93 8 15 99 41 33 92 45 64 1 35 50 3 75 28 30 3 81 20 29 34 46 17 57 97 78 39 68 91 52 79 41 77 10 49 69 11 7 15 27 86 85 0 17 44 78 3 99 18 4 85 81 64 34 14 96 8 55 45 6 41 66 34 15 87 55 70 53 66 
53 87 36 83 45 85 95 74 67 48 75 17 56 75 25 69 43 46 16 84 46 57 81 92 50 98 55 96 76 10 87 97 2 99 64 15 88 81 96 90 12 39 83 8 14 1 30 56 2 65 9 34 60 67 10 38 8 93 12 71 79 92 83 97 47 13 34 10 12 33 53 87 17 20 83 7 60 16 31 70 18 6 14 72 79 93 31 
80 2 65 87 59 6 24 34 2 67 15 92 17 40 92 93 30 63 59 46 98 0 95 40 59 79 91 96 20 88 50 74 17 1 48 36 46 71 23 67 71 79 11 36 15 24 70 56 3 85 24 10 82 20 98 74 38 3 22 15 28 36 43 51 10 91 55 15 32 52 24 14 70 10 43 71 79 88 28 82 17 4 58 65 50 82 38 
44 12 39 60 87 46 73 50 16 39 16 38 87 83 31 71 20 52 53 76 0 3 72 57 48 53 44 11 28 54 0 50 10 33 69 5 91 73 13 71 67 79 7 61 22 56 22 61 59 84 76 82 40 47 88 6 69 99 28 33 26 2 88 51 12 72 17 93 32 10 90 69 35 27 21 56 94 32 91 81 69 44 74 9 88 81 68 
