27
78 34 30 57 73 96 13 61 92 27 21 41 22 52 50 78 91 4 50 91 60 79 61 86 31 2 69 
36 96 84 67 41 21 47 93 35 61 18 43 45 77 74 72 75 65 46 42 1 21 8 10 2 11 59 
91 55 80 90 3 61 95 91 19 84 31 26 75 50 42 61 1 45 75 33 68 16 73 71 46 57 17 
4 20 7 21 79 18 27 4 25 6 63 26 71 33 94 25 57 65 20 3 86 87 81 90 13 84 92 
31 11 60 18 42 90 55 29 14 6 15 53 91 99 44 86 52 44 99 24 0 95 82 62 0 53 72 
77 14 98 33 22 30 85 82 25 74 86 19 30 85 78 18 56 45 71 8 97 85 62 95 80 62 25 
70 47 38 22 50 93 44 54 37 47 38 35 41 84 28 27 4 99 75 5 79 82 98 93 82 25 46 
4 1 44 25 62 25 25 37 37 63 10 78 59 22 95 29 20 17 37 84 73 3 28 95 57 42 63 
86 42 91 93 99 0 91 94 99 47 60 77 68 34 20 23 93 97 12 94 13 79 89 27 38 53 75 
40 74 48 58 65 62 58 85 3 15 28 60 84 38 31 54 31 87 41 13 56 21 91 53 43 90 18 
15 2 2 34 48 28 75 59 52 97 40 47 87 68 54 86 71 26 28 98 36 34 75 58 1 65 78 
45 63 78 13 87 49 18 48 81 66 11 83 18 88 56 73 95 34 35 21 96 1 54 95 97 48 71 
32 12 5 74 12 24 61 89 9 95 12 11 21 73 54 26 2 9 42 13 81 90 92 86 92 79 5 
29 50 35 56 13 77 61 18 43 52 79 99 78 63 66 67 90 71 22 99 81 67 96 61 8 60 46 
92 86 78 7 17 64 80 89 27 77 3 3 21 21 60 87 94 37 50 88 0 82 43 61 9 80 90 
67 95 37 19 14 46 67 44 80 31 14 19 98 6 15 85 99 25 86 13 63 77 48 11 33 45 58 
85 5 45 78 52 94 94 84 56 67 58 76 65 34 12 62 42 98 19 90 44 54 57 12 8 99 56 
57 2 37 59 12 65 55 14 60 33 73 50 41 8 27 89 53 2 17 92 79 16 94 68 76 71 86 
80 26 63 76 99 76 34 56 78 12 64 18 0 21 40 23 97 97 68 34 70 56 42 96 99 98 23 
37 49 10 47 40 3 44 91 37 79 15 96 13 77 56 68 62 11 50 65 66 89 43 50 75 22 47 
34 41 52 84 6 75 68 75 71 68 25 94 17 58 43 64 23 82 69 9 38 56 40 19 17 8 20 
50 24 42 35 95 26 82 69 22 37 9 31 45 44 98 80 77 7 60 31 31 95 65 59 44 83 71 
6 79 40 18 31 84 16 24 91 95 81 93 12 22 32 35 77 44 66 85 94 95 71 19 28 94 62 
4 13 48 53 36 17 67 89 93 49 5 28 36 46 88 31 4 65 30 63 28 87 46 15 43 8 38 
43 38 21 50 73 81 63 93 1 98 54 3 45 75 37 27 78 26 14 2 85 28 94 41 70 72 79 
1 58 15 66 85 1 45 26 42 34 9 67 31 48 25 80 14 63 61 74 83 68 35 1 49 26 41 
29 43 41 72 55 74 97 12 8 36 72 8 75 4 97 12 39 42 68 90 59 49 20 55 77 2 69 
