47
52 69 62 34 17 49 19 33 55 22 92 26 53 54 30 85 52 84 77 11 85 14 91 55 70 45 82 0 0 13 47 10 39 92 4 1 82 0 21 1 39 6 27 65 71 99 38 
63 43 57 29 13 2 89 13 14 51 17 67 44 7 61 19 14 48 4 86 63 17 17 44 1 25 7 55 47 28 83 12 15 46 61 23 48 67 18 66 21 60 80 59 49 63 71 
68 63 57 69 92 99 77 70 16 39 2 82 84 81 63 87 31 49 83 39 95 67 20 71 42 87 77 79 75 53 43 55 68 43 84 77 71 66 83 57 25 78 64 78 3 79 25 
19 69 77 72 55 50 23 19 97 5 44 98 33 57 6 71 40 24 48 87 87 34 63 94 43 2 98 9 51 51 52 33 91 56 32 7 42 90 59 71 56 22 24 22 35 83 17 
40 84 75 13 60 84 10 64 63 68 13 99 79 6 8 81 44 31 89 84 54 55 81 48 86 52 22 31 35 52 29 41 34 61 71 23 2 54 10 23 69 12 76 54 24 62 10 
50 45 99 40 43 64 51 7 74 37 77 29 70 89 60 49 59 92 88 98 56 68 93 14 60 61 67 91 77 78 60 78 50 57 91 49 64 60 9 78 84 31 47 43 35 34 32 
13 3 6 85 45 17 64 71 30 24 54 45 48 62 95 35 31 70 7 42 7 95 52 78 88 87 60 98 83 84 27 99 96 68 93 4 48 7 57 3 50 7 45 69 45 36 10 
80 9 98 24 66 39 76 51 65 93 43 65 22 27 32 92 22 43 75 93 17 74 57 38 94 47 21 86 61 76 15 54 77 25 89 96 1 85 84 80 18 19 75 94 66 77 87 
93 40 72 75 5 48 5 23 57 50 12 9 64 7 42 3 93 73 90 76 86 93 37 57 37 22 40 36 54 72 49 97 2 74 61 98 2 77 31 89 37 91 26 64 59 73 34 
16 14 61 56 87 94 80 67 57 29 0 55 54 14 18 17 35 7 7 69 30 67 96 77 27 34 40 35 49 36 49 75 67 48 24 83 81 49 3 18 71 96 44 64 52 65 25 
51 7 5 75 45 63 73 65 10 74 16 33 9 9 71 88 36 19 89 15 32 19 3 42 83 59 26 75 8 35 68 41 77 95 2 19 64 7 31 39 88 97 39 15 88 40 31 
83 70 99 88 60 66 13 7 69 42 17 19 93 42 79 3 54 41 6 67 22 6 64 70 43 9 43 91 33 26 98 60 76 25 81 57 62 45 62 46 12 95 10 95 21 34 83 
68 20 63 32 25 92 11 42 54 6 66 34 80 31 73 66 87 16 52 80 84 90 73 51 99 3 97 20 46 11 64 96 34 31 77 9 18 78 32 58 69 94 83 17 6 98 40 
24 84 94 13 69 20 99 79 11 2 82 93 77 96 67 53 38 27 59 41 17 11 87 4 32 2 72 92 81 53 45 79 6 34 28 26 98 79 86 14 80 53 32 55 56 81 26 
76 44 91 4 92 57 45 32 63 88 31 56 48 80 81 53 67 54 30 29 60 93 36 62 78 11 45 31 63 89 53 84 57 59 15 5 74 96 2 36 45 33 68 66 76 68 34 
53 19 1 11 4 23 52 71 55 52 3 73 65 97 12 12 16 33 70 83 84 95 1 56 64 15 32 66 62 60 31 52 14 55 62 70 3 82 33 96 62 79 22 94 24 64 69 
82 66 51 67 18 59 78 54 53 55 36 36 57 60 28 95 87 15 0 58 74 4 3 23 15 46 35 37 11 6 41 48 47 38 47 35 64 96 80 18 3 37 21 42 28 68 0 
27 39 36 76 65 96 33 4 2 40 95 53 63 30 48 56 82 72 53 45 9 31 13 93 74 69 51 20 50 20 33 55 63 33 74 86 38 0 72 26 55 24 38 95 46 23 78 
85 74 11 15 94 83 24 39 93 32 66 40 87 16 60 37 14 64 71 20 87 6 45 62 36 52 9 3 15 71 71 76 19 92 41 39 69 34 85 30 48 78 48 61 41 43 21 
6 69 24 78 86 52 37 47 87 32 47 40 88 73 17 61 22 71 40 3 89 70 62 26 66 21 94 58 5 55 20 58 65 39 45 71 25 90 42 11 51 72 95 81 40 95 14 
66 43 49 86 63 18 34 30 10 67 9 98 75 36 23 50 92 23 90 98 64 37 65 42 5 42 81 64 20 76 83 19 22 1 53 86 66 37 76 34 82 61 40 33 73 15 31 
26 42 38 8 79 6 0 63 13 56 79 19 98 58 22 64 75 44 31 99 1 81 70 72 20 98 35 82 4 7 1 47 96 25 59 90 84 14 81 54 98 20 20 65 1 33 90 
51 55 97 16 22 58 34 46 50 14 8 55 14 21 77 59 37 19 48 66 0 33 6 85 13 58 86 63 29 30 6 22 31 87 32 14 55 20 59 24 79 77 83 28 29 94 82 
60 99 25 60 75 29 58 64 30 28 37 66 98 73 67 58 41 20 42 1 31 14 34 62 5 22 4 81 21 79 81 80 12 44 51 20 85 83 4 78 48 64 50 79 79 62 30 
39 36 2 89 78 24 95 89 73 80 75 48 30 71 40 44 82 92 37 44 93 2 60 22 82 89 32 54 10 51 71 30 14 73 13 36 0 69 6 62 94 58 30 53 7 10 20 
38 88 7 8 78 31 56 69 44 54 76 40 89 10 59 26 19 84 52 94 47 42 66 54 73 91 38 24 91 96 27 82 31 22 74 7 85 37 81 89 2 24 50 8 86 88 81 
97 21 95 59 4 41 17 75 92 67 86 60 0 77 16 88 67 3 68 52 38 35 47 95 50 4 87 33 37 66 31 38 77 5 65 45 72 74 0 68 96 7 41 49 67 23 35 
58 39 59 22 49 27 74 10 4 70 82 78 9 2 96 60 42 66 53 5 27 60 8 24 13 13 57 91 72 23 87 2 76 58 90 68 58 36 50 74 94 70 37 59 24 15 33 
82 76 83 67 18 75 42 37 64 61 49 21 7 69 66 87 41 68 43 43 42 34 92 53 26 90 82 96 93 81 45 33 62 38 42 58 70 85 86 73 82 14 54 59 95 77 23 
83 83 29 60 36 5 6 12 53 99 24 33 22 11 29 10 88 0 35 97 34 95 4 54 42 46 54 65 20 30 84 19 69 25 86 43 24 15 1 22 90 52 56 37 57 51 98 
29 37 23 94 61 23 11 24 92 78 9 59 50 2 44 56 61 11 86 41 48 84 9 35 84 98 54 46 56 37 84 40 95 61 39 9 42 41 97 14 75 69 11 7 32 83 69 
87 69 37 27 28 41 26 63 69 93 27 20 53 55 44 22 54 66 27 49 62 35 49 28 69 76 24 91 87 5 18 52 37 63 29 7 0 56 84 89 35 70 5 95 67 98 3 
13 28 13 40 69 42 61 37 54 49 69 35 73 3 47 11 91 37 99 45 35 10 55 36 0 11 74 49 62 22 80 51 61 11 88 36 70 61 96 75 42 47 92 38 22 59 79 
62 41 23 14 89 90 80 39 96 54 7 69 63 82 40 94 43 38 42 67 31 72 87 36 70 40 71 92 48 10 11 0 19 98 0 72 43 9 87 27 47 76 11 11 79 58 59 
84 39 76 77 87 12 49 84 77 2 0 75 74 34 96 91 28 83 90 43 59 29 7 99 34 25 3 42 25 92 83 96 50 91 87 13 79 40 2 32 6 59 22 61 97 56 93 
43 89 93 93 85 89 99 21 43 55 63 61 0 6 99 29 88 16 31 71 1 32 86 89 39 80 46 54 53 77 5 76 42 12 21 35 41 13 78 11 53 7 87 16 2 82 64 
35 61 9 31 56 22 56 31 66 88 51 61 52 58 58 10 26 22 69 6 36 15 63 34 64 92 78 7 98 99 21 82 65 96 66 68 74 3 37 3 32 81 31 82 32 60 69 
74 90 73 67 47 5 48 88 83 40 47 88 22 17 8 68 98 12 65 71 85 13 81 70 21 8 5 4 68 94 36 45 2 97 72 40 13 24 87 98 32 16 56 88 60 79 16 
74 47 56 95 0 38 57 7 52 98 94 51 29 27 98 45 62 98 2 64 90 37 90 61 44 22 92 49 39 97 58 75 44 10 76 36 77 19 10 21 50 14 16 20 99 51 80 
64 20 50 94 71 78 32 87 17 87 89 71 87 33 93 68 14 84 95 25 31 45 16 49 48 12 20 21 12 66 9 48 36 64 93 20 34 23 1 59 23 25 20 14 98 22 76 
91 52 36 26 58 43 57 9 8 7 34 73 79 51 54 71 26 61 1 4 81 49 39 12 35 68 21 96 72 18 5 27 94 45 79 58 47 1 5 51 60 14 45 29 10 13 58 
71 34 0 87 22 37 48 28 57 45 88 83 80 42 83 80 13 20 38 78 4 34 94 97 72 14 94 48 75 63 22 55 11 56 76 71 60 91 74 23 52 78 33 7 73 79 65 
77 42 55 39 19 95 56 64 64 86 44 7 99 80 50 10 41 17 49 89 80 38 75 9 88 49 87 21 6 23 68 76 37 90 70 55 20 80 96 20 55 60 27 67 22 68 6 
85 64 13 43 76 14 96 74 32 50 33 50 28 7 18 24 48 3 13 41 2 81 75 32 14 74 82 32 81 26 66 99 59 20 49 19 25 13 49 92 34 55 59 5 45 99 5 
60 36 57 79 99 24 24 11 84 50 1 9 61 82 94 87 10 11 64 18 53 47 10 57 16 25 49 10 54 4 28 68 95 66 85 93 54 38 7 5 37 72 47 47 20 36 34 
15 11 91 45 21 14 10 80 42 59 27 85 72 94 58 48 65 2 72 68 69 93 28 77 97 90 52 10 66 63 67 3 45 65 93 51 45 28 54 91 14 64 81 7 29 62 66 
79 30 77 51 6 73 12 29 15 66 32 89 52 44 88 49 92 62 37 46 38 62 17 41 4 58 84 23 50 79 97 0 71 84 79 12 87 44 11 57 95 98 67 53 78 59 49 
