58
31 75 50 68 93 30 40 47 35 82 90 4 39 66 61 20 70 56 99 41 0 25 99 65 14 21 30 2 64 53 68 59 6 86 90 99 77 35 53 69 19 63 49 19 96 32 95 15 16 92 88 39 98 70 62 96 52 73 
23 55 48 22 2 17 39 75 94 34 29 21 73 33 52 30 80 83 4 36 18 9 72 91 88 19 66 14 5 19 17 6 82 56 72 74 7 49 28 26 14 77 26 7 30 20 35 97 17 64 17 9 6 11 94 47 25 94 
34 56 49 19 6 95 93 63 60 1 40 50 57 87 42 69 41 86 75 18 27 47 82 7 84 60 56 89 72 34 33 47 60 76 8 4 34 90 74 82 24 68 80 49 35 22 2 24 32 53 56 59 96 55 8 50 10 12 
91 34 55 14 38 22 58 6 21 18 14 29 38 99 87 31 59 34 37 35 21 56 93 16 78 70 24 22 71 71 73 42 67 51 85 89 28 67 62 40 88 40 57 41 69 20 63 17 25 36 12 90 12 23 46 80 64 60 
68 13 35 29 75 61 21 0 62 92 85 19 90 27 17 2 36 99 42 60 59 14 59 96 28 14 63 27 65 40 38 57 78 66 83 0 74 18 36 80 5 91 95 40 92 57 57 26 95 73 11 91 23 87 52 26 40 61 
34 79 93 69 80 4 6 70 97 0 28 87 12 40 3 2 47 44 10 73 51 62 9 44 98 82 55 55 84 70 0 85 36 8 61 6 27 46 28 93 19 94 43 31 85 80 15 45 89 77 75 68 36 95 83 56 84 43 
91 86 32 47 77 75 98 96 87 35 62 71 18 87 78 96 53 51 48 55 54 47 69 37 42 25 42 56 20 25 16 88 35 57 59 45 83 39 24 64 10 21 13 90 15 96 41 20 40 97 8 10 60 26 98 44 93 41 
55 10 8 98 68 23 88 79 97 62 97 54 82 65 49 91 49 88 5 31 22 53 50 33 49 37 88 97 93 96 51 27 22 41 44 25 50 70 80 53 46 27 12 54 84 34 54 58 24 96 56 70 67 31 41 6 84 59 
6 83 38 50 80 55 16 4 60 96 79 0 60 66 91 27 3 63 57 59 84 97 13 95 37 91 61 54 19 16 20 9 67 73 77 11 47 38 0 92 95 85 15 70 80 30 7 68 95 43 94 44 75 20 69 85 12 8 
43 86 71 0 45 35 94 20 73 94 46 35 2 9 26 34 94 66 36 22 50 35 87 21 55 45 27 48 46 82 40 39 55 48 29 53 87 72 88 70 60 22 16 2 34 62 28 41 7 78 4 94 36 0 80 29 88 55 
99 76 51 41 81 1 47 94 32 67 51 13 93 72 40 77 97 32 72 8 62 4 15 16 41 0 38 50 65 82 52 9 53 45 36 59 28 22 56 2 18 27 24 10 40 46 42 83 45 69 29 15 20 12 42 34 21 50 
99 94 99 30 81 74 12 54 81 35 41 2 54 11 14 88 46 26 54 16 77 6 80 56 49 42 20 37 36 47 81 56 88 76 69 11 61 88 88 68 23 26 79 57 17 45 56 39 13 18 74 78 83 84 78 37 82 70 
49 75 40 15 30 17 83 63 12 2 76 14 33 38 17 60 23 7 8 96 8 95 54 5 97 71 90 55 31 72 82 46 93 49 12 59 82 65 10 4 52 51 76 81 95 52 4 32 32 40 80 61 62 5 56 93 86 89 
11 41 19 6 48 4 92 37 2 5 19 69 24 46 72 42 76 23 94 95 42 27 79 40 57 2 30 56 3 16 98 30 62 25 54 3 68 74 63 94 99 11 91 68 78 31 56 27 3 90 22 50 13 57 35 66 15 33 
80 48 92 18 20 56 90 7 56 90 71 24 94 19 10 4 68 67 23 96 41 18 38 36 52 1 36 78 25 12 57 49 56 54 58 16 41 85 17 39 81 11 79 3 72 86 69 64 52 32 95 16 99 83 76 11 98 85 
4 89 36 16 81 82 86 41 45 82 68 30 1 74 94 94 67 95 25 57 38 75 77 90 90 77 97 42 87 70 41 85 76 94 93 87 37 28 86 98 14 68 82 87 27 83 29 68 64 44 99 73 14 9 77 55 57 16 
3 46 61 17 9 30 48 43 39 2 38 80 40 67 15 53 94 61 39 5 55 9 80 33 83 66 13 78 46 43 3 80 55 21 43 97 10 83 84 46 87 55 59 72 44 27 46 78 29 97 4 58 88 20 6 23 51 93 
26 79 47 50 52 39 14 65 1 48 33 89 1 15 73 79 82 6 6 28 55 6 71 42 67 25 37 5 98 13 79 11 67 99 31 49 68 46 3 11 87 68 96 59 50 80 20 74 25 21 18 86 92 18 31 67 60 63 
4 21 88 5 22 63 42 14 8 40 36 36 15 88 36 80 20 53 71 19 24 59 89 45 37 37 27 34 21 16 95 74 30 7 25 84 49 52 64 48 53 37 3 63 65 94 41 64 82 80 60 28 38 24 62 58 85 74 
23 61 74 20 92 63 88 75 88 57 51 70 88 81 94 7 73 36 6 70 86 48 12 7 58 13 30 56 15 12 15 9 57 92 82 89 54 59 60 58 30 6 81 84 76 65 14 23 75 54 37 48 43 96 12 63 40 36 
87 74 90 27 28 81 92 7 8 53 62 1 24 59 57 52 59 76 54 29 51 55 24 18 92 32 36 77 8 99 50 65 41 76 25 36 70 22 80 34 21 9 44 53 78 27 31 34 0 60 91 51 96 3 4 4 43 57 
4 69 54 79 61 33 10 56 45 74 82 12 37 56 68 94 60 91 12 77 44 93 80 34 67 77 41 1 7 63 51 93 96 90 88 40 40 64 83 27 13 93 85 20 43 89 17 66 37 60 24 90 30 29 8 4 57 94 
46 12 30 28 40 11 12 23 4 73 51 94 87 61 67 33 33 58 7 7 10 26 53 98 36 53 55 5 31 79 27 94 31 1 28 3 93 2 16 60 20 39 42 94 47 91 53 22 92 77 52 16 72 86 58 87 94 66 
78 79 7 59 23 18 48 10 89 7 42 19 59 9 74 41 34 89 18 35 52 16 32 33 39 52 70 26 21 69 40 22 47 32 13 12 70 68 25 67 6 97 36 47 62 90 5 27 38 31 73 9 0 92 63 99 38 61 
50 5 53 94 85 24 19 75 59 30 95 98 90 99 62 49 67 60 25 60 8 22 18 59 67 47 57 57 19 78 51 9 24 9 96 26 76 92 13 46 49 60 76 99 79 74 77 66 14 11 68 94 49 21 11 34 74 80 
62 30 18 22 70 76 57 44 48 31 27 91 85 1 82 0 71 27 4 85 67 45 26 60 27 51 63 61 52 91 86 75 84 29 23 20 1 76 20 40 6 26 1 17 96 78 19 41 97 2 9 91 53 78 18 59 25 97 
98 17 25 71 32 62 27 74 89 51 14 11 26 59 94 68 2 92 24 55 35 6 10 96 59 76 38 96 30 60 79 28 34 65 34 78 36 83 59 67 94 0 56 53 67 59 47 84 42 22 59 48 23 52 50 25 84 25 
38 12 72 14 9 2 26 82 32 0 57 52 11 17 65 14 7 12 18 86 98 5 17 67 65 95 94 68 36 54 29 17 37 2 86 35 67 0 60 43 62 20 75 83 88 5 42 18 24 70 79 17 56 49 26 10 20 70 
37 56 17 82 46 77 72 29 12 22 12 7 99 25 24 91 7 21 63 34 28 34 50 71 11 60 94 36 31 3 6 89 11 1 93 8 8 12 62 14 59 74 78 50 99 47 55 92 9 50 65 80 37 17 49 68 54 23 
43 60 23 59 42 58 49 95 16 78 45 99 72 49 26 96 23 93 84 18 69 96 64 2 25 15 64 12 6 13 47 1 53 63 62 69 81 47 6 66 25 96 7 85 44 49 86 73 60 44 78 73 21 35 9 93 49 39 
73 10 64 74 91 0 6 91 96 54 49 8 51 46 18 28 72 78 92 51 14 23 92 23 37 24 76 8 91 7 31 49 36 68 59 26 97 51 76 54 37 17 8 82 16 2 97 75 41 27 7 58 83 51 69 70 1 32 
16 48 75 55 45 75 97 4 11 94 82 69 32 35 18 10 94 81 36 20 51 70 19 83 2 75 53 21 93 2 46 56 76 83 20 47 31 43 8 49 45 53 61 76 17 34 17 54 29 25 47 14 55 64 52 78 4 30 
23 61 1 74 45 80 84 49 95 61 67 48 49 84 28 65 19 26 80 75 47 76 83 49 22 86 87 85 54 9 13 99 30 58 53 54 88 41 96 45 43 11 7 34 0 52 36 7 87 36 74 47 32 61 35 6 9 70 
77 61 15 56 57 73 13 30 28 14 12 62 45 95 73 83 36 53 5 14 85 74 2 46 72 41 24 92 38 11 75 47 26 96 81 97 29 61 28 20 95 6 41 80 18 69 28 74 90 21 96 53 96 0 76 72 25 40 
31 85 34 54 41 58 42 3 99 11 8 94 56 99 38 82 19 14 43 69 9 68 61 67 53 1 4 82 23 34 84 58 22 5 89 73 58 93 56 20 52 67 62 13 93 21 45 87 27 97 89 11 76 93 44 9 4 99 
85 19 26 84 92 2 39 0 7 92 59 21 73 61 86 75 39 18 58 32 8 83 75 88 79 69 72 81 80 37 62 74 56 80 99 66 18 73 55 56 58 68 75 90 6 33 16 50 44 29 44 1 90 32 92 87 37 85 
9 40 1 70 1 19 92 73 26 96 2 61 23 3 28 9 75 39 28 36 10 97 44 29 94 88 61 77 35 19 28 23 24 6 51 12 22 69 69 18 29 53 79 83 69 29 32 78 94 14 38 46 71 55 19 15 53 85 
71 26 78 71 18 37 69 30 74 52 17 40 23 18 69 63 31 44 35 61 22 97 61 82 11 11 61 17 30 66 61 4 68 28 11 32 81 61 43 10 21 40 51 25 99 2 60 8 8 91 71 3 15 27 27 82 26 0 
23 70 40 95 96 33 10 65 28 25 61 23 15 64 25 22 54 75 44 9 10 13 35 72 59 88 2 87 89 63 88 36 29 22 57 94 57 84 39 83 99 38 64 45 20 78 46 88 48 7 2 92 10 47 36 47 45 79 
83 15 67 34 17 67 51 50 73 18 98 72 24 20 74 16 20 0 2 2 40 0 51 56 2 55 65 84 26 29 11 0 35 56 76 81 80 49 53 50 69 24 15 67 25 94 15 62 40 67 43 41 34 13 80 26 47 73 
14 13 50 84 51 8 5 49 44 45 87 14 27 60 28 44 57 39 42 96 28 97 17 72 12 71 81 28 60 6 97 51 98 74 24 22 23 34 77 95 44 86 52 78 29 62 62 1 12 86 58 59 99 8 53 56 80 44 
86 99 21 27 0 37 64 14 16 41 70 91 79 54 44 0 36 89 27 24 40 80 75 78 27 5 47 79 10 67 41 52 86 72 57 94 69 50 29 11 98 3 15 22 4 45 95 47 26 8 85 84 29 65 7 60 75 35 
71 63 8 8 35 99 68 9 47 90 63 63 44 72 21 19 28 88 75 21 81 15 48 54 63 89 57 7 99 4 74 98 81 95 53 96 59 37 38 16 86 23 2 32 62 36 62 30 56 80 68 34 48 3 52 91 13 48 
64 51 95 82 18 45 8 52 79 54 56 69 77 0 52 94 91 36 39 29 17 78 70 30 43 39 49 37 35 87 27 11 71 77 77 82 65 20 84 85 1 15 39 69 49 57 40 83 33 32 66 93 30 21 8 7 13 33 
26 47 41 42 29 6 73 72 22 84 48 71 85 54 88 71 16 7 38 40 25 40 96 52 79 77 45 61 53 70 37 32 63 47 57 8 92 92 66 61 73 60 83 66 78 8 42 62 78 84 0 3 29 87 76 3 15 26 
85 96 61 8 47 79 35 7 65 26 70 97 10 60 47 49 62 30 21 26 17 83 97 9 90 56 95 48 46 50 54 90 3 33 40 59 96 3 87 32 95 99 28 86 74 36 7 29 41 62 33 89 24 79 94 36 45 46 
43 14 69 64 7 10 63 97 14 66 39 0 19 94 56 27 26 38 17 10 91 2 39 45 98 8 20 85 45 30 9 80 72 41 97 11 58 70 89 70 87 71 88 57 6 9 48 94 41 57 8 97 87 30 73 89 68 52 
8 82 85 87 41 45 96 70 66 77 25 69 48 58 11 34 59 63 0 73 42 8 71 20 21 99 76 95 75 53 27 20 8 30 79 63 31 58 22 76 1 54 85 13 49 19 90 11 21 62 22 82 24 37 54 75 26 22 
17 34 44 46 99 56 80 20 50 29 61 68 10 51 1 31 28 77 80 7 72 83 5 77 79 28 72 62 20 68 54 62 99 75 2 34 40 29 33 66 71 75 88 80 36 60 83 0 58 80 97 65 9 58 64 93 4 78 
70 53 19 86 58 60 26 82 11 99 14 38 26 45 17 48 4 49 80 35 65 97 94 0 24 1 41 19 28 9 53 10 60 92 77 58 89 24 45 51 60 59 94 35 59 0 29 19 4 18 70 38 61 65 89 31 84 23 
40 54 27 87 5 38 41 58 80 82 83 18 80 30 57 60 98 81 12 69 38 61 38 5 86 60 98 25 27 78 2 56 90 64 60 77 17 71 52 87 22 61 12 13 76 70 33 45 23 11 62 28 53 87 64 74 48 94 
53 36 82 73 38 26 64 68 59 43 96 82 42 71 53 12 33 78 41 17 73 26 85 86 96 95 1 59 30 79 92 50 76 27 85 96 88 63 4 38 29 18 18 1 94 27 35 86 49 8 90 74 94 68 24 57 75 52 
47 50 82 90 30 71 69 82 74 79 19 34 87 15 61 2 1 57 74 1 26 8 96 4 64 48 29 73 57 9 21 52 47 72 19 61 19 66 96 17 53 26 21 35 93 70 23 75 50 22 16 35 53 37 14 82 18 44 
13 43 42 69 64 90 44 37 44 30 33 90 99 27 19 49 84 58 67 40 44 36 51 48 21 28 51 29 96 94 13 71 76 69 16 5 7 11 46 89 10 68 73 12 24 89 52 32 60 48 71 56 7 42 4 54 25 60 
30 41 45 27 8 87 96 71 64 22 55 78 42 99 53 63 67 83 74 14 87 2 99 91 39 6 28 0 57 86 96 63 21 68 25 49 4 33 83 97 16 51 23 29 4 37 32 99 52 95 62 51 32 89 39 69 77 87 
67 51 0 47 21 94 4 31 97 58 60 49 49 39 90 5 79 94 63 70 44 17 50 57 75 12 33 79 1 1 54 70 21 31 84 44 14 7 47 9 88 56 85 50 24 41 56 59 95 49 4 33 6 71 90 68 73 84 
11 13 41 23 87 92 73 71 71 47 13 92 90 94 90 84 23 74 42 40 48 37 19 40 6 91 7 83 9 97 84 12 24 92 31 91 31 36 95 89 93 18 10 44 96 15 59 85 97 72 36 39 32 64 64 73 93 93 
78 16 89 19 8 28 44 2 67 37 9 87 24 58 55 74 55 7 27 79 28 76 7 11 58 58 94 27 45 92 75 9 78 6 8 46 2 43 82 60 52 22 79 48 94 81 45 83 46 57 54 67 68 93 90 85 88 37 
