94
28 67 84 8 99 57 6 36 68 77 39 76 35 75 68 60 20 17 76 88 84 96 5 81 76 54 14 26 55 55 48 59 78 58 28 73 28 86 30 20 48 38 12 33 61 91 35 79 48 24 72 54 23 56 83 28 15 9 67 63 8 16 90 23 81 38 80 17 65 42 48 66 54 56 35 11 18 82 96 81 63 78 41 29 52 21 21 57 45 83 88 86 2 51 
35 39 53 90 12 39 28 89 98 72 58 92 31 80 57 70 35 29 25 78 9 88 90 43 81 13 28 13 20 51 56 84 21 80 90 95 69 12 77 14 97 40 48 73 29 37 51 41 4 83 7 8 72 4 95 89 84 53 22 86 44 9 50 27 90 16 20 0 30 44 71 27 21 0 72 87 11 42 95 13 63 19 79 33 12 92 71 69 13 0 37 2 59 21 
69 76 43 25 75 34 87 47 79 22 37 70 14 95 31 86 26 44 27 61 10 76 15 17 20 77 82 90 11 98 17 98 29 19 64 38 75 63 49 0 97 57 99 77 22 28 60 6 67 31 5 10 92 26 32 67 27 27 97 31 26 34 62 14 25 60 92 71 96 62 86 27 51 90 5 77 80 66 3 45 35 15 89 8 25 2 60 26 10 33 27 7 84 96 
47 74 62 78 33 24 79 57 76 50 80 90 84 23 88 38 35 96 17 62 55 17 29 72 65 77 17 60 0 87 87 31 87 61 79 23 1 81 22 44 35 15 94 45 35 57 22 12 12 67 10 17 46 76 37 85 5 5 7 56 71 29 46 68 42 9 73 45 0 95 90 87 73 90 53 55 8 53 54 3 54 74 30 15 24 61 83 72 71 61 5 97 85 59 
28 45 96 63 39 34 56 89 32 71 36 57 86 64 81 2 76 71 1 32 0 78 3 0 36 86 16 95 22 71 58 20 23 14 2 46 6 88 12 2 2 0 23 42 93 72 27 76 5 32 82 61 76 21 55 62 49 30 99 44 63 78 2 4 78 85 31 19 33 56 79 36 49 92 15 5 85 15 78 47 83 27 72 83 83 27 94 73 52 17 20 91 95 25 
69 15 33 41 43 14 5 14 30 43 54 33 75 88 58 32 25 23 15 28 56 76 69 54 70 3 15 73 75 74 47 14 42 50 55 43 51 43 45 82 57 93 71 11 3 33 18 85 90 61 42 17 77 57 77 92 17 55 28 61 97 14 78 40 91 15 74 37 6 9 58 16 91 43 50 53 79 36 54 48 39 71 58 61 95 37 88 59 45 61 1 2 61 10 
77 90 18 20 17 47 92 60 15 31 41 10 29 79 44 70 52 3 53 15 68 89 26 5 17 5 34 65 40 31 39 31 28 41 40 40 8 99 13 86 1 13 40 13 34 22 16 27 92 12 79 92 77 75 2 57 9 43 82 95 27 81 60 37 94 1 40 67 95 16 78 49 56 57 5 60 83 77 18 47 21 28 43 6 75 27 56 40 99 37 91 60 52 10 
66 43 51 19 59 37 62 67 90 74 35 86 11 59 94 17 11 61 32 11 31 1 64 32 7 91 4 31 22 50 77 13 44 71 60 77 18 70 9 42 1 16 66 66 25 22 70 89 13 10 8 5 40 46 62 94 12 34 23 73 35 23 53 3 71 30 37 95 19 66 8 37 44 88 10 27 54 45 10 29 67 94 70 78 58 43 63 93 38 92 1 82 82 62 
35 59 5 99 37 91 70 94 47 67 70 58 79 98 59 37 20 46 77 36 50 82 84 58 17 31 97 46 69 64 58 47 89 30 48 24 21 64 73 41 34 72 23 69 16 99 24 48 31 40 19 81 98 69 68 2 70 93 29 92 48 70 96 99 90 35 91 21 72 22 90 11 45 77 47 18 58 78 96 32 26 77 62 16 45 30 4 91 77 61 18 81 18 43 
4 52 21 6 71 16 30 20 50 28 36 29 67 20 36 23 85 92 91 59 49 2 73 83 53 9 57 82 29 78 5 72 26 88 28 56 82 3 93 76 37 88 40 24 78 65 51 18 21 96 85 90 1 7 42 94 43 48 4 33 65 11 44 86 21 1 94 80 95 62 94 72 90 16 27 3 36 23 70 11 29 9 20 29 97 31 1 36 17 49 57 97 39 47 
37 31 27 73 27 6 14 47 16 69 75 30 70 93 69 82 74 37 76 17 48 80 36 37 18 42 24 22 36 42 85 47 13 12 42 35 51 19 56 72 52 64 86 44 49 87 90 96 10 10 8 22 93 23 61 30 76 38 0 21 52 61 81 11 19 13 35 79 70 19 64 73 77 43 36 41 65 80 22 63 47 0 67 95 75 48 5 77 76 25 53 45 19 94 
86 86 55 22 29 18 44 77 2 20 93 3 17 37 8 25 38 91 88 84 18 28 46 84 90 99 45 91 31 30 40 31 65 73 10 43 10 38 5 9 62 7 56 7 48 48 67 52 44 33 86 3 89 57 26 33 55 28 67 12 93 48 91 54 81 59 32 59 16 45 21 3 65 26 79 53 62 18 11 52 94 77 73 23 12 90 63 98 93 47 20 51 68 72 
48 87 94 18 40 44 40 74 52 76 42 90 85 32 56 36 42 43 55 71 72 93 50 87 81 0 54 9 65 30 56 96 95 89 16 55 87 44 78 65 2 96 73 35 19 44 95 16 30 29 64 2 99 89 60 9 12 6 16 62 65 4 89 46 20 32 44 93 52 93 69 66 19 26 79 5 53 20 26 88 77 42 80 99 75 79 42 15 4 1 74 74 49 64 
3 17 71 41 53 50 40 93 55 57 95 74 31 27 26 86 91 55 5 99 11 9 92 71 32 84 65 55 33 56 92 87 45 21 60 23 91 43 10 41 18 99 46 40 29 38 71 72 56 53 16 15 77 29 37 12 73 26 95 35 84 32 60 70 92 2 11 35 54 87 55 78 91 34 53 1 77 17 43 47 87 26 88 3 63 23 10 92 39 65 99 27 83 16 
9 99 84 65 88 0 79 8 75 38 93 48 94 73 72 38 26 31 40 67 88 62 96 35 21 97 24 75 75 39 2 78 8 11 29 72 71 94 53 47 73 86 90 0 14 11 33 87 38 64 57 62 23 9 72 44 51 89 89 85 92 75 42 18 52 50 78 97 16 22 16 31 29 69 32 70 5 47 88 68 64 78 12 33 7 15 47 19 75 78 93 72 59 20 
65 38 58 92 76 55 0 59 9 50 36 89 68 58 20 70 74 18 63 25 14 39 11 4 38 3 22 1 2 87 58 22 90 8 6 37 15 86 25 34 63 37 86 29 30 1 33 19 74 21 52 49 83 72 38 29 28 9 7 22 38 18 26 19 58 84 7 12 75 66 24 30 50 47 58 80 42 13 50 42 68 48 10 58 51 12 22 97 37 85 15 73 34 81 
60 69 55 36 9 31 64 19 9 79 10 57 36 16 19 16 65 12 88 1 55 99 53 32 62 45 58 2 25 6 98 8 14 72 60 2 42 33 97 61 1 18 8 55 29 31 62 5 55 92 67 73 47 46 7 50 74 84 78 58 59 17 33 96 70 83 53 18 99 17 27 41 46 38 39 44 77 27 67 20 77 47 4 19 19 61 91 4 70 6 93 86 73 98 
45 11 54 46 95 26 50 8 14 58 86 4 83 57 99 86 14 65 14 56 67 33 62 33 53 97 26 76 51 65 64 85 80 67 12 58 9 91 95 11 38 92 51 15 21 62 40 41 30 20 93 4 68 96 69 63 3 21 58 9 33 57 60 73 51 87 54 26 99 28 97 16 2 99 54 19 12 83 55 96 81 98 96 69 76 83 8 77 75 76 38 46 62 42 
48 68 9 51 46 91 17 51 17 24 91 63 68 49 60 79 89 31 77 93 53 30 38 31 66 28 94 90 86 74 6 62 20 32 48 83 54 32 4 93 14 71 69 88 43 80 93 70 41 10 71 99 94 24 3 64 23 64 84 36 30 78 58 79 13 90 94 56 24 78 43 78 93 49 12 71 65 85 64 82 36 24 18 39 98 22 57 37 88 16 65 12 54 88 
5 1 59 86 80 44 83 63 30 21 46 37 40 11 5 43 36 25 14 55 12 17 12 65 98 43 69 38 21 20 66 31 79 98 41 69 78 61 23 38 62 55 55 61 56 83 94 2 9 99 45 38 55 10 18 7 21 26 57 37 95 95 90 96 92 40 48 1 35 70 83 12 38 27 19 52 9 21 66 59 68 54 64 68 92 48 23 19 59 5 53 8 88 85 
94 73 65 11 95 54 37 35 1 59 74 74 68 25 63 65 3 61 44 84 41 14 31 1 67 54 79 21 40 29 64 46 90 10 21 85 38 50 18 56 4 19 46 24 14 22 98 33 59 9 53 5 68 53 27 11 22 27 65 78 3 38 50 67 59 22 36 68 95 56 95 85 20 87 79 65 2 65 77 90 81 10 15 14 26 79 57 56 23 39 25 19 57 89 
12 70 95 89 54 72 32 92 15 79 97 15 16 96 8 23 38 5 9 37 71 27 87 25 45 35 16 89 92 41 15 24 20 49 3 96 12 30 37 97 52 32 79 96 5 90 35 96 75 1 87 49 60 0 66 11 43 72 32 13 24 32 8 80 87 19 43 14 65 66 71 97 36 50 82 61 91 2 20 64 41 38 30 2 18 72 24 5 11 48 67 68 20 27 
1 21 89 60 68 79 78 48 97 34 76 0 94 6 72 85 58 83 63 96 24 73 53 60 44 14 40 89 5 97 73 15 58 91 21 24 76 48 81 31 40 97 60 42 15 92 46 79 29 69 23 87 56 37 2 48 14 84 40 41 34 21 89 8 10 45 88 79 65 9 28 60 31 74 8 8 77 18 89 40 43 82 75 72 54 50 76 55 0 22 53 15 66 87 
59 33 25 9 14 74 73 80 63 99 71 89 43 7 88 57 71 23 93 70 96 93 46 81 24 30 51 43 3 35 45 75 71 71 52 18 99 44 93 51 48 55 92 74 74 97 80 76 86 12 74 28 6 32 24 2 80 84 74 37 4 85 44 66 94 25 3 63 87 16 70 62 17 9 25 13 93 28 17 76 86 5 99 46 4 16 88 19 54 46 2 42 58 9 
25 23 99 29 49 94 89 36 7 76 49 24 67 82 76 31 51 8 45 80 95 62 71 5 74 42 85 52 70 59 19 32 33 79 94 89 30 65 23 67 79 89 0 61 17 69 10 70 58 0 85 89 0 5 51 31 42 19 74 66 64 12 36 60 36 37 63 21 19 85 87 22 36 50 7 16 7 9 21 1 55 21 57 30 18 76 28 70 80 93 76 31 72 57 
72 51 10 77 43 66 72 26 9 79 24 42 69 81 34 80 27 96 92 6 1 25 42 5 14 51 12 60 35 4 91 26 94 48 80 32 25 96 76 12 51 52 37 34 30 15 2 52 85 20 46 19 22 39 35 25 0 60 39 45 67 8 84 23 93 95 36 13 45 7 68 87 59 27 94 53 38 91 26 90 22 56 89 21 67 27 26 44 36 43 71 51 84 88 
92 12 26 68 15 9 84 98 19 55 26 78 94 63 34 4 79 79 20 23 78 72 84 86 59 49 24 15 93 95 27 72 19 57 37 28 22 19 64 34 46 96 12 60 51 25 77 3 48 85 49 11 91 50 41 51 9 62 24 68 37 20 31 40 24 45 93 41 87 40 7 58 56 70 73 82 40 58 67 88 98 89 94 60 94 6 11 4 61 10 54 99 24 90 
13 35 56 58 16 33 27 67 49 71 46 16 40 54 1 75 29 18 37 27 63 60 41 65 13 59 46 8 64 90 48 62 60 57 14 42 12 51 59 88 36 17 40 24 6 70 78 35 62 14 84 71 27 12 54 41 43 24 36 26 35 31 14 79 76 40 22 78 98 51 41 67 50 39 44 84 75 92 31 66 82 40 55 96 24 41 35 21 94 45 8 22 91 72 
55 58 21 86 30 79 97 9 27 66 79 43 41 94 59 66 31 89 97 87 87 28 48 10 14 78 9 0 14 49 28 31 73 94 75 16 67 43 7 5 56 26 25 14 21 32 38 91 64 79 72 1 23 10 52 66 89 11 96 45 57 19 25 67 10 47 3 69 80 3 42 20 83 29 94 19 24 59 75 91 93 81 18 3 4 73 55 76 22 89 47 21 94 25 
4 29 56 10 48 10 14 75 51 64 26 98 65 92 95 35 35 2 10 38 75 0 22 22 63 21 55 3 51 36 32 92 79 99 1 10 79 87 52 31 74 67 35 18 22 97 98 80 62 81 51 46 24 86 4 70 6 10 22 90 39 70 44 75 55 27 23 72 99 51 63 38 51 48 16 72 42 64 72 98 68 19 0 30 36 49 91 27 85 4 74 84 19 62 
2 85 63 59 8 83 28 39 38 86 65 55 56 69 76 55 2 80 12 35 58 9 7 11 22 10 96 25 71 0 16 13 1 6 4 89 34 68 54 31 19 49 29 65 35 8 0 75 11 80 8 3 59 16 29 6 73 91 78 59 56 15 29 66 77 61 15 76 11 5 9 10 62 17 15 24 36 29 51 71 40 81 70 58 80 6 27 58 14 78 29 89 23 95 
58 19 95 4 98 76 34 21 18 29 68 32 31 89 5 41 79 12 32 10 27 69 65 92 20 68 34 19 27 51 11 40 47 89 90 1 81 90 18 5 20 28 13 68 25 13 97 95 46 14 99 64 82 94 46 89 16 60 28 97 69 42 76 45 33 35 31 66 86 64 73 11 8 66 28 11 36 23 76 39 88 88 71 80 45 23 60 45 48 46 73 14 71 0 
58 82 71 23 78 5 71 32 10 87 40 48 53 14 17 99 66 58 55 95 50 96 98 34 73 65 78 25 80 81 76 19 69 28 69 82 78 83 37 97 57 28 82 65 9 85 84 53 19 96 93 10 56 89 38 33 14 12 12 34 75 69 41 50 29 74 52 87 36 0 16 38 34 22 61 87 32 12 33 90 23 64 45 67 34 91 24 23 39 74 78 25 6 35 
54 84 62 56 67 51 35 32 8 86 4 10 98 67 29 54 87 84 62 50 76 80 91 66 62 44 73 4 86 97 46 12 7 24 52 15 22 10 31 79 0 2 73 79 4 88 9 57 23 81 4 78 33 65 4 26 70 5 30 61 54 27 54 6 44 31 59 62 93 20 46 89 61 39 20 42 67 80 55 68 21 20 9 1 36 96 5 78 85 68 0 34 70 30 
35 6 40 62 83 94 41 80 77 85 87 50 25 33 83 80 48 58 25 25 9 27 89 34 29 32 27 43 37 70 88 68 13 96 92 90 52 46 77 34 27 53 78 26 24 3 89 64 35 21 55 24 56 23 28 74 56 38 84 77 35 30 74 7 3 28 76 57 54 15 89 96 74 63 81 86 29 18 40 7 73 27 70 25 38 33 38 82 7 18 23 46 80 49 
47 59 89 85 44 9 85 44 77 44 22 25 2 44 48 50 84 42 29 73 79 81 27 37 2 75 18 38 1 10 26 23 63 25 12 93 16 21 97 93 58 47 56 33 31 84 33 7 37 72 72 71 42 62 32 40 41 85 48 51 86 5 91 61 71 77 0 31 63 38 15 35 39 56 99 56 53 0 92 78 96 34 57 33 99 66 27 6 50 51 98 70 74 51 
5 94 10 26 72 6 62 86 5 57 52 36 4 6 7 58 50 7 64 40 89 7 65 72 13 66 8 70 11 1 29 5 47 67 88 6 29 48 5 70 96 51 10 3 78 59 75 4 97 92 53 86 48 97 1 48 86 28 70 53 44 41 10 66 44 31 53 66 6 23 36 47 24 18 12 92 34 39 39 76 82 48 56 7 97 35 72 2 23 49 21 1 12 45 
78 38 78 66 38 93 92 52 26 8 74 58 50 12 56 78 60 29 29 88 44 59 80 49 11 27 50 12 95 94 8 79 37 41 68 9 90 1 74 55 44 53 16 53 37 11 67 76 18 67 15 98 29 24 66 70 81 1 28 85 67 76 91 42 91 27 38 3 1 23 21 60 58 94 88 74 35 60 8 24 72 22 18 38 7 56 39 36 36 62 2 1 86 78 
10 66 11 96 15 17 52 98 52 19 24 55 96 94 30 88 90 64 4 51 67 6 19 48 70 45 33 13 26 43 30 33 36 98 58 69 81 26 54 47 8 44 61 85 98 43 42 58 37 22 52 44 23 17 32 35 44 94 52 86 62 56 81 4 30 51 96 8 39 62 19 42 45 75 31 78 80 81 13 0 19 44 49 11 56 12 94 30 64 72 97 37 92 35 
50 88 31 82 89 43 57 26 23 74 6 75 72 8 8 74 17 36 5 68 50 59 99 49 66 41 71 89 68 54 2 69 54 61 56 41 29 49 95 73 83 8 83 30 57 54 12 85 29 2 73 75 45 68 69 72 67 51 28 58 72 42 43 45 48 58 1 65 47 70 9 16 6 36 49 46 13 68 14 35 2 47 99 49 80 46 32 59 97 13 64 71 90 35 
58 15 4 0 85 18 88 71 63 30 24 13 16 65 98 58 68 38 78 31 67 98 12 74 58 1 84 87 62 3 82 59 73 24 6 75 89 44 56 46 1 95 14 52 35 81 42 25 60 18 7 30 91 86 65 58 77 51 41 92 31 44 59 41 23 91 35 14 8 51 39 81 7 40 55 1 74 15 98 15 13 73 69 35 2 93 67 48 43 71 63 9 14 89 
95 69 83 8 62 34 78 23 64 27 85 60 11 15 67 99 22 26 2 58 30 51 34 19 53 63 79 33 82 38 16 45 92 39 39 48 7 35 84 55 5 51 19 96 18 19 91 65 86 73 33 82 8 50 39 67 92 51 68 76 55 26 92 38 39 12 50 31 22 77 34 61 76 36 58 35 77 77 52 41 89 60 1 79 50 15 38 27 12 84 80 64 53 74 
95 34 40 50 64 47 60 35 51 19 61 63 72 77 11 36 54 55 44 23 14 77 81 99 18 85 29 6 86 2 60 70 65 46 10 63 24 58 24 69 60 71 82 29 2 63 80 21 36 51 63 10 4 39 11 53 53 90 58 58 61 57 44 25 5 99 59 94 28 24 34 44 20 83 73 95 68 29 61 84 75 0 78 50 55 33 74 2 56 83 24 94 39 21 
58 56 8 15 45 7 71 36 31 16 12 40 24 79 62 9 64 68 67 88 84 37 51 84 5 58 53 34 20 0 83 55 53 87 17 23 45 10 37 62 58 37 63 54 9 35 25 37 7 6 86 33 2 33 63 19 21 96 36 68 95 87 21 94 61 37 76 91 66 92 54 47 67 58 82 65 48 2 75 25 42 66 95 37 45 9 57 30 73 82 56 17 56 87 
97 59 22 91 94 66 22 83 58 86 55 16 37 53 55 65 54 92 75 79 40 30 42 65 0 10 57 73 22 17 49 29 83 73 5 48 71 42 31 85 41 36 80 55 83 42 44 74 4 82 52 30 29 29 0 1 33 2 9 12 41 95 36 7 10 73 21 98 90 54 54 77 75 16 52 30 88 3 8 70 62 32 21 74 55 38 89 86 98 99 86 69 46 45 
23 99 60 90 87 34 40 69 95 35 24 38 63 18 57 22 31 94 49 61 40 57 58 37 35 6 24 24 95 85 20 90 78 7 76 12 49 91 84 33 69 39 24 75 19 83 58 54 73 13 59 74 71 12 13 34 27 11 71 34 12 23 84 77 87 57 22 32 81 19 71 96 34 21 40 22 38 12 90 34 5 55 62 49 89 86 16 25 92 64 31 92 34 92 
97 27 64 68 34 65 46 83 40 43 36 70 70 76 91 14 9 91 8 24 88 1 10 5 76 61 69 57 32 10 79 60 64 53 98 36 57 4 93 2 12 18 92 32 11 60 47 68 93 10 14 92 83 68 15 90 49 64 61 90 66 33 89 18 60 33 1 34 69 92 21 50 83 37 53 45 99 46 80 47 11 97 15 32 54 54 91 16 50 21 97 43 6 68 
84 7 22 8 37 64 99 85 10 64 0 60 73 36 6 87 68 51 89 37 27 90 24 95 78 60 48 55 89 77 94 7 10 67 70 86 57 4 79 96 80 3 83 31 74 53 37 3 47 96 31 70 5 96 27 92 36 46 86 35 85 75 27 67 81 9 87 63 78 81 97 4 23 25 93 2 13 96 2 92 75 61 24 0 26 37 74 57 54 74 81 65 44 56 
66 48 96 30 21 51 0 95 17 1 48 99 42 57 10 50 15 44 6 23 5 18 62 57 49 72 35 15 8 62 63 90 81 68 72 70 65 29 59 30 12 28 63 88 85 67 1 53 58 59 35 65 25 14 69 8 23 80 75 10 16 44 38 72 34 74 36 84 99 99 55 6 72 13 6 37 66 74 21 23 8 88 38 32 53 7 38 42 62 22 71 62 8 32 
57 63 27 19 96 37 38 20 27 12 10 19 83 14 6 16 15 23 10 27 88 72 37 0 38 64 89 8 66 76 73 13 84 21 13 17 60 37 38 71 24 98 43 46 89 98 25 6 59 69 78 65 32 57 64 19 81 37 44 50 80 68 79 93 34 68 13 16 37 75 29 81 22 38 33 86 80 91 62 56 81 53 74 13 22 2 58 74 31 40 55 91 65 61 
17 19 36 91 74 54 93 52 84 19 69 43 46 28 53 66 42 83 28 79 40 11 99 11 44 86 24 75 50 95 14 20 91 62 18 13 19 22 35 71 30 35 8 65 20 72 50 90 20 73 34 92 14 40 77 74 45 11 95 26 81 6 38 89 34 0 60 80 70 13 88 14 32 42 48 28 52 97 45 33 37 87 97 98 23 39 47 21 87 17 17 79 84 9 
77 7 58 55 53 84 5 89 22 34 33 76 29 25 99 31 82 99 4 8 89 79 66 41 46 57 39 8 82 83 15 32 68 87 14 0 18 19 58 74 56 30 14 13 79 74 36 79 52 6 38 30 88 78 61 65 80 89 27 56 54 75 10 34 58 69 74 64 51 39 80 10 14 80 94 92 18 85 38 92 91 68 26 8 36 83 27 12 51 26 23 69 12 46 
77 99 99 72 39 85 56 10 10 4 69 73 19 75 5 65 27 62 39 85 1 77 71 66 95 93 86 96 94 86 25 16 4 52 35 57 73 48 29 90 62 21 15 97 81 41 21 50 13 6 32 51 95 43 39 60 11 32 70 98 89 93 2 13 3 80 55 96 35 53 9 14 47 35 14 55 93 61 70 96 86 51 15 92 43 40 20 35 26 74 69 57 95 64 
20 53 86 91 50 68 74 99 29 26 33 66 34 60 63 37 36 43 29 38 19 36 69 17 48 77 24 2 42 5 21 37 6 72 46 70 44 90 53 40 13 31 32 21 30 47 94 47 23 80 86 62 17 72 86 31 33 45 81 17 9 93 38 2 14 55 41 60 22 26 17 63 33 51 76 84 66 25 38 8 58 41 8 40 51 20 6 16 80 99 21 33 15 54 
23 80 70 29 88 6 62 55 33 15 92 0 72 44 78 78 16 52 14 60 1 2 35 56 72 81 17 47 12 17 11 48 95 15 23 50 92 23 54 34 50 10 8 48 94 92 82 14 92 15 99 32 48 67 16 47 21 1 4 70 66 63 77 34 47 55 92 42 35 68 34 31 60 46 3 61 49 36 55 76 13 33 68 1 29 44 23 30 80 18 24 62 31 95 
5 97 42 40 36 1 26 44 28 37 17 40 37 91 37 49 40 84 8 18 7 63 32 24 35 13 73 67 91 41 27 69 28 45 81 94 6 27 42 59 14 89 12 69 72 32 86 26 50 44 52 82 66 75 45 28 56 19 58 12 75 30 78 98 61 97 52 57 39 45 61 58 72 54 39 95 6 25 81 24 99 38 38 81 2 35 52 6 90 89 52 20 28 73 
40 62 88 74 50 32 67 81 29 60 20 49 34 35 33 31 4 26 57 31 57 14 87 73 97 57 58 90 22 76 60 50 81 68 14 99 63 25 22 41 88 85 88 10 66 60 51 8 36 17 47 70 2 11 32 20 8 26 59 40 29 9 1 81 93 72 94 9 44 78 59 48 96 18 67 45 15 60 40 50 65 0 30 76 56 90 6 20 93 32 89 60 64 85 
36 47 8 63 56 88 45 81 75 22 7 19 49 89 32 18 58 72 51 11 97 97 80 32 82 77 96 72 96 25 21 77 73 74 62 8 32 44 85 44 54 71 51 70 7 51 78 37 23 35 54 39 72 56 73 17 33 7 65 69 93 21 20 1 20 4 96 3 35 20 85 60 76 76 58 74 44 98 44 31 56 33 55 27 91 42 76 66 42 59 36 67 3 1 
70 73 48 20 64 37 4 49 76 89 92 87 50 24 44 87 43 62 33 39 56 43 43 59 13 61 72 44 85 51 18 16 14 29 35 50 23 69 75 82 35 63 56 70 22 42 95 42 46 52 86 22 70 32 18 70 3 11 58 37 88 44 43 79 85 73 19 2 78 12 45 17 97 78 82 0 61 39 58 67 86 27 58 37 90 26 91 48 86 59 25 48 2 35 
37 2 39 48 93 5 71 21 45 55 79 46 59 61 21 72 48 13 46 96 10 80 34 35 95 61 7 59 17 41 97 87 64 21 39 64 8 21 15 12 11 55 84 42 30 53 21 44 85 24 79 15 58 91 83 18 36 68 54 18 49 82 78 68 80 99 26 4 22 0 71 66 7 51 93 16 1 93 65 48 46 94 52 20 58 14 50 64 5 18 26 99 70 4 
90 27 10 12 91 47 49 25 69 62 14 96 97 74 34 75 17 95 22 93 78 19 58 90 25 51 66 87 87 44 17 72 11 75 45 66 14 18 10 4 87 9 59 49 41 2 82 25 13 90 45 66 16 24 69 13 66 83 8 66 55 51 51 33 94 65 61 83 1 93 88 73 59 98 98 35 13 6 89 26 37 3 23 48 75 14 92 1 3 86 6 12 83 69 
7 59 40 44 7 88 33 93 17 64 87 50 59 10 68 23 31 66 36 65 25 40 55 95 7 73 58 3 8 80 70 58 68 30 63 32 66 60 89 72 47 58 49 48 39 97 82 25 39 73 60 77 86 70 23 5 82 77 2 19 30 72 53 58 45 2 93 38 90 72 94 58 87 1 7 48 97 82 64 80 94 19 24 1 70 45 15 98 84 97 90 64 77 62 
59 33 99 27 16 93 59 56 67 33 57 39 36 83 98 6 50 96 72 61 92 85 34 58 64 68 10 86 0 86 8 2 10 55 54 98 14 22 58 59 57 96 41 83 39 48 80 48 79 49 97 45 61 88 61 73 18 40 88 46 15 83 3 45 38 80 53 93 33 88 74 10 71 3 38 33 22 71 97 34 75 27 44 57 81 6 51 65 20 18 66 87 42 90 
3 51 28 68 74 62 91 27 19 45 99 61 61 89 80 25 92 0 16 50 66 32 5 11 72 51 51 26 92 60 7 0 99 48 99 22 55 92 31 96 30 35 25 4 50 24 33 6 98 76 75 77 51 54 61 69 61 99 2 84 41 89 81 43 23 43 16 88 1 27 8 63 78 17 42 82 57 68 36 28 10 12 74 70 15 27 45 17 97 60 86 60 54 30 
48 55 7 45 47 84 63 60 28 66 15 91 90 68 18 39 23 78 56 96 85 7 74 32 13 97 32 63 22 54 55 7 52 55 8 57 95 8 71 89 94 11 73 4 60 54 32 72 49 9 68 50 15 49 39 91 62 32 23 28 51 69 52 49 25 59 97 52 80 6 95 88 41 98 13 13 12 28 92 75 66 31 11 68 17 0 19 42 78 47 76 46 80 67 
32 86 46 52 62 18 43 55 72 40 55 58 58 81 75 70 62 24 74 79 11 46 75 80 22 4 86 9 65 30 66 38 5 12 93 45 40 79 96 51 14 33 35 99 44 2 89 16 50 48 81 66 35 90 96 89 4 97 39 42 34 87 8 84 97 90 17 98 45 42 6 86 9 35 41 58 51 2 41 42 47 9 87 19 36 10 8 75 9 29 11 55 33 99 
95 99 33 36 54 20 27 19 6 40 72 66 85 94 32 77 96 72 42 45 96 63 36 10 44 54 16 16 7 88 44 31 15 12 64 46 72 34 94 64 11 1 36 98 59 47 2 68 65 93 15 43 88 21 18 63 83 82 42 67 12 63 87 54 55 43 16 89 44 33 84 99 54 84 37 64 3 50 10 95 77 15 6 7 63 65 78 65 38 74 11 8 88 23 
60 86 67 96 79 7 60 76 39 53 58 67 47 27 65 39 66 98 67 12 47 37 69 0 73 28 93 32 58 81 33 65 69 44 88 39 58 30 73 4 99 33 8 44 46 31 85 20 12 32 96 34 41 45 78 73 70 71 31 54 21 77 85 63 37 84 14 60 24 33 75 24 98 60 51 41 89 0 99 48 43 70 23 79 45 64 55 33 9 87 77 30 46 76 
38 80 96 85 60 14 35 20 54 20 62 46 68 92 69 10 47 88 16 63 53 88 47 4 30 7 6 47 70 46 54 87 42 77 27 72 75 35 73 63 86 37 66 18 66 30 22 25 53 66 74 52 49 25 47 23 52 84 74 97 2 75 13 52 67 9 13 88 42 53 83 34 16 86 78 57 70 43 27 46 5 81 93 85 12 54 84 8 53 18 80 35 95 45 
94 93 76 13 94 6 53 26 45 74 58 71 87 59 72 91 54 23 79 14 53 42 30 99 71 39 98 20 20 77 22 28 27 4 20 92 2 30 34 8 71 90 45 97 80 27 63 42 41 98 92 52 34 66 90 68 72 80 37 35 95 76 41 56 70 23 33 82 30 99 6 56 16 89 46 32 65 86 99 8 37 86 90 48 17 50 64 4 87 64 43 13 79 92 
72 57 12 65 74 28 25 35 40 58 54 97 83 67 62 16 1 17 18 43 98 61 34 81 5 97 76 37 61 2 58 84 11 42 68 3 15 73 91 7 18 10 55 5 9 78 64 72 49 20 15 46 84 71 63 80 21 73 2 37 81 33 56 22 8 29 48 11 4 70 1 38 44 52 31 58 93 69 14 55 46 47 22 21 29 27 74 11 3 94 46 75 33 38 
72 83 38 28 2 38 44 10 54 46 87 60 4 70 21 97 96 49 93 80 53 58 19 20 62 85 24 90 4 11 47 18 25 6 75 77 7 81 21 13 66 88 74 2 24 83 35 46 39 29 73 89 45 35 7 95 39 83 19 54 12 29 89 12 42 97 47 26 31 35 22 88 5 95 54 82 52 39 57 50 42 92 94 96 6 46 74 67 18 13 13 46 74 97 
21 92 4 57 19 72 25 28 23 10 40 84 3 31 56 72 49 72 9 26 2 70 47 2 14 56 85 98 29 42 1 44 65 15 49 77 47 52 55 44 20 8 90 99 96 51 32 85 90 13 12 30 38 71 73 52 37 11 42 99 60 30 42 60 60 24 20 22 42 68 3 95 1 37 3 51 73 12 11 63 7 39 4 89 85 83 4 14 69 44 69 4 1 82 
13 63 69 24 77 60 92 88 66 6 50 37 24 93 19 83 59 20 30 90 52 42 33 26 48 13 44 13 49 76 17 54 85 40 26 54 53 14 18 86 68 91 63 89 36 53 42 84 22 26 26 97 48 98 54 12 69 6 81 72 38 92 7 94 12 63 78 43 19 21 80 21 68 88 52 17 3 34 53 68 76 79 66 88 69 13 53 48 38 40 95 13 40 4 
96 77 68 72 80 86 95 9 41 45 91 52 73 19 77 97 21 53 71 89 44 3 18 99 93 56 96 11 16 11 99 95 47 61 74 24 34 83 26 61 22 29 97 83 79 1 59 90 97 19 1 75 87 51 15 95 79 55 95 7 18 86 32 46 37 52 94 29 55 35 2 42 62 23 74 81 0 99 84 16 42 0 7 65 55 4 64 90 55 16 87 41 23 55 
74 9 98 55 3 89 67 97 33 80 14 89 18 79 1 88 36 4 99 91 45 8 20 13 90 83 8 60 59 19 6 97 82 27 25 78 83 75 10 50 83 94 5 4 40 47 70 44 64 5 33 56 3 94 13 50 80 51 98 52 73 63 23 16 90 21 10 21 0 55 16 69 42 29 88 1 69 87 24 32 18 61 23 6 97 85 92 60 46 62 66 14 67 63 
5 65 12 31 31 20 47 73 72 78 28 49 86 70 57 90 53 51 20 22 2 71 58 47 40 50 57 96 48 99 41 65 10 15 75 0 69 23 67 14 28 78 12 81 52 8 92 84 26 5 34 16 61 33 7 58 53 96 28 52 55 43 61 12 37 47 24 33 38 82 94 20 43 72 71 54 5 14 37 45 40 87 46 48 41 73 28 97 55 19 83 67 52 94 
10 9 66 60 54 49 82 57 90 61 53 17 24 0 30 50 46 58 37 29 10 50 66 11 48 77 50 90 82 28 22 11 87 98 53 35 1 86 36 55 76 84 95 24 95 70 83 27 97 25 94 9 98 22 31 19 53 48 6 54 10 28 58 12 5 5 86 7 77 78 61 74 68 21 63 25 0 21 63 21 47 84 4 9 52 67 40 85 33 96 24 70 34 43 
99 47 19 36 73 64 95 13 48 72 65 48 42 45 67 40 30 67 27 73 13 81 18 70 18 21 25 71 30 3 34 72 2 78 15 5 70 3 2 76 78 11 81 73 84 87 85 13 74 75 87 50 55 0 67 66 1 7 37 95 65 36 78 72 42 75 79 75 89 75 54 19 6 17 34 37 37 32 25 18 68 71 73 19 97 10 35 61 56 15 64 67 1 69 
91 47 60 76 12 51 70 92 83 10 73 51 29 2 25 91 44 27 98 16 30 94 74 60 71 76 83 56 43 27 34 79 68 20 87 7 98 99 9 99 78 16 15 17 49 86 61 16 73 17 60 62 94 44 92 89 6 66 48 76 31 84 73 57 13 84 8 73 9 32 58 76 82 18 99 71 88 4 51 92 20 88 33 49 4 58 53 38 48 49 88 9 97 52 
92 23 87 71 71 6 0 55 38 10 79 55 33 21 84 32 76 54 57 8 18 81 54 31 31 70 89 46 9 4 28 41 48 50 37 96 7 26 61 71 55 29 82 40 86 75 66 54 28 55 48 8 74 70 30 54 89 13 66 16 7 82 30 10 42 78 15 80 16 65 94 16 54 17 10 29 26 68 30 15 16 6 82 93 50 64 13 50 55 72 74 76 54 17 
25 27 44 82 94 91 75 62 7 98 11 55 27 89 20 18 87 49 62 51 6 10 1 43 82 4 0 94 65 62 96 78 23 88 35 38 68 60 24 71 30 53 59 99 1 77 68 39 39 42 96 99 13 36 92 98 87 69 22 72 68 2 8 13 92 97 44 82 47 32 6 67 89 66 64 71 5 37 87 21 76 45 88 58 89 23 46 35 54 6 64 41 10 51 
80 54 14 7 49 19 95 79 30 77 69 11 31 18 10 65 69 50 11 70 32 30 60 2 92 88 76 81 58 57 3 5 32 76 59 4 32 85 50 88 71 90 70 2 5 85 20 32 13 19 12 61 74 81 33 63 30 46 81 64 4 89 87 74 37 53 92 26 3 90 46 32 70 43 12 6 4 86 80 10 8 36 2 30 36 55 61 19 7 18 88 34 98 76 
95 28 70 36 61 64 20 41 62 11 98 6 26 83 50 57 97 5 49 85 86 14 84 51 83 69 83 38 35 83 88 47 46 59 92 28 70 94 18 19 35 64 24 60 46 29 85 57 79 91 17 10 1 99 44 17 47 91 59 3 44 28 94 17 36 65 75 78 66 4 4 2 27 60 11 53 90 85 31 46 18 4 23 23 88 87 11 2 13 57 95 29 72 63 
12 90 14 40 30 63 15 35 8 42 32 62 0 97 42 69 70 45 19 50 12 28 2 1 0 13 82 77 18 79 30 30 46 91 23 5 98 89 19 73 29 18 22 16 30 7 20 19 96 61 21 87 55 60 33 37 57 38 45 21 1 87 52 27 64 39 55 31 42 13 79 72 10 26 19 7 46 81 38 42 79 66 24 15 41 13 11 83 49 34 74 42 23 24 
24 88 82 79 62 3 38 91 78 99 5 26 1 62 83 6 22 50 29 21 53 16 42 57 74 44 4 9 85 19 76 25 67 88 24 30 77 84 36 7 17 34 13 67 39 91 62 65 57 83 97 25 31 44 37 10 86 62 1 29 79 57 42 20 29 28 59 97 95 56 5 5 33 77 10 89 78 91 35 36 86 73 18 83 86 35 30 90 57 83 58 33 11 4 
82 99 30 2 17 6 56 37 52 16 0 64 0 87 72 41 49 53 4 5 42 74 70 63 50 30 33 22 2 54 86 19 75 3 69 84 75 56 13 87 34 66 26 56 18 61 43 55 72 93 86 53 4 26 56 97 41 74 47 15 49 50 90 71 42 37 75 48 29 28 68 84 38 66 37 99 98 36 35 14 33 72 73 71 24 84 51 32 10 70 59 30 19 56 
45 80 82 11 92 68 40 13 11 49 90 67 87 47 83 39 62 33 8 94 41 18 70 56 99 50 10 18 81 68 4 81 90 29 9 10 28 83 42 28 86 13 50 42 77 91 13 26 58 42 36 83 18 70 33 76 68 16 56 94 40 11 80 20 90 91 63 34 54 49 60 7 35 38 95 40 83 91 52 58 34 82 90 55 43 75 15 66 15 98 40 90 49 61 
59 90 79 13 65 78 28 27 19 53 92 1 56 27 4 75 44 67 66 4 93 82 77 10 83 62 7 23 4 73 16 89 45 6 27 61 62 8 44 23 49 23 97 18 62 20 74 88 5 75 99 13 30 32 92 93 33 19 33 12 21 77 21 15 26 80 94 80 27 55 23 39 12 48 0 8 49 31 15 64 92 60 96 5 28 20 72 34 77 5 23 44 58 40 
16 39 18 77 34 17 68 38 80 66 66 13 55 8 4 68 92 37 7 30 81 63 92 72 44 76 39 21 43 13 44 36 16 33 61 81 29 6 8 63 21 92 33 9 89 65 83 46 37 82 47 68 75 4 57 94 62 27 63 38 76 28 14 59 90 49 92 70 38 48 96 52 24 97 63 36 58 92 76 51 25 43 16 54 68 12 44 79 28 27 85 89 95 60 
62 82 50 8 73 58 82 95 43 78 54 65 22 51 47 45 16 14 78 96 82 73 82 82 40 91 11 57 81 1 91 39 72 97 52 1 77 85 67 34 17 13 51 96 53 49 91 20 73 38 14 37 66 68 77 15 18 99 62 47 64 2 44 10 61 4 27 20 52 85 59 6 40 61 58 3 7 90 90 12 63 41 78 67 62 88 51 51 2 93 71 11 48 69 
2 0 84 83 37 5 35 93 22 10 65 50 28 41 22 67 0 94 45 1 61 0 95 99 18 5 91 98 4 28 38 81 34 78 66 86 8 60 12 30 94 91 79 72 62 66 45 76 74 21 8 51 21 62 49 80 97 22 61 5 70 62 26 31 50 92 43 92 76 53 80 90 45 81 31 83 69 54 75 96 67 98 67 95 12 64 1 17 21 46 13 24 37 25 
88 30 17 74 30 39 35 17 48 45 90 96 24 87 36 73 90 7 39 53 3 77 79 22 57 98 5 64 35 38 28 73 77 90 8 55 92 73 23 39 26 90 65 55 0 35 38 59 29 53 95 5 80 41 26 57 7 67 85 49 74 74 41 10 47 80 57 31 0 12 74 63 36 81 3 63 63 73 70 37 32 87 50 31 40 79 84 59 21 97 73 41 31 50 
66 97 67 11 75 28 90 34 6 73 28 99 51 87 78 87 73 58 27 73 76 95 34 7 42 74 25 92 26 75 49 60 60 45 82 8 82 80 0 36 11 25 84 3 13 16 36 95 35 21 26 10 5 73 20 68 49 88 21 63 78 80 29 9 90 54 42 2 11 64 59 66 71 31 86 73 70 78 98 55 19 64 5 18 90 16 6 32 74 63 59 78 0 8 
