43
65 34 76 36 23 25 4 63 9 52 14 82 37 54 23 78 27 24 65 42 57 50 58 20 20 17 51 84 80 55 2 29 31 15 38 50 73 54 84 33 72 91 56 
56 35 56 50 8 30 37 79 83 37 87 88 25 21 5 73 63 7 15 48 13 36 9 85 91 23 98 99 51 39 79 24 97 4 54 53 7 45 64 5 8 57 11 
27 61 51 73 41 24 8 71 48 49 59 42 22 82 63 0 11 82 25 71 67 34 86 35 99 92 85 97 54 70 39 68 15 51 38 11 25 41 60 6 9 4 73 
3 49 79 87 25 22 33 63 92 21 93 8 3 40 43 14 16 44 15 5 38 6 93 44 81 22 68 81 37 11 19 9 73 78 22 29 92 91 41 44 19 54 28 
10 35 12 7 63 84 69 77 97 19 10 81 54 93 75 64 40 98 23 42 56 10 1 91 19 70 63 42 77 78 90 90 96 74 44 69 40 87 74 55 1 58 70 
87 54 60 50 13 58 25 56 0 9 35 89 35 72 38 1 75 22 90 72 63 46 65 63 89 70 43 2 21 15 64 95 92 96 98 97 35 97 32 78 46 21 0 
23 36 83 92 73 77 94 59 45 96 36 35 69 54 93 58 47 15 69 51 7 4 32 59 9 83 55 66 69 48 15 0 47 84 10 25 83 8 58 21 33 83 98 
64 27 65 28 46 11 26 41 95 68 43 20 7 26 35 10 28 78 37 76 49 84 14 4 12 16 23 13 88 88 14 88 89 96 6 83 56 51 40 86 58 54 8 
67 74 28 25 8 48 16 66 15 74 52 38 32 13 83 27 95 48 25 48 62 17 92 32 64 8 11 51 87 55 7 64 67 20 30 8 88 10 11 11 21 18 77 
28 4 13 12 56 57 12 38 68 88 65 39 24 12 18 75 82 38 19 53 55 56 16 9 24 33 81 44 47 69 99 8 77 87 64 11 18 63 62 41 77 27 44 
58 2 13 14 90 97 66 68 27 84 31 76 37 1 41 1 50 67 72 87 33 87 17 84 9 44 72 4 54 40 49 86 20 33 91 28 49 0 23 58 22 36 75 
14 54 31 95 67 49 3 98 47 87 64 9 23 69 46 77 64 63 82 19 24 65 62 89 12 72 63 29 96 52 2 98 63 31 23 66 34 33 14 70 16 32 51 
9 37 51 57 85 44 46 56 17 86 30 73 60 1 31 43 88 98 31 43 77 8 77 99 60 46 7 29 73 36 6 72 44 65 24 5 5 25 17 80 75 14 25 
93 16 53 45 70 28 89 58 27 30 19 5 69 44 64 2 32 82 64 98 47 14 87 31 18 24 19 66 60 2 46 88 43 23 62 87 98 0 12 46 33 29 21 
8 28 86 91 22 62 97 92 59 37 35 4 60 83 47 26 45 91 72 10 23 95 68 70 58 50 78 67 22 35 33 10 29 92 94 12 99 80 71 59 31 44 75 
35 76 73 62 90 44 78 59 93 80 28 5 43 47 78 21 75 86 10 87 34 18 86 40 26 30 69 24 51 36 10 82 9 33 80 80 51 25 43 69 71 69 43 
30 42 65 90 94 59 18 77 70 0 37 4 87 46 34 55 91 51 75 98 12 29 25 15 53 8 65 51 35 57 90 7 52 31 54 27 43 92 91 86 67 78 12 
28 29 91 72 75 97 86 16 32 53 43 48 55 54 31 12 79 6 18 29 90 59 90 52 47 81 41 64 14 89 75 15 24 49 45 58 16 17 10 30 92 37 72 
0 88 51 63 22 38 84 51 12 53 14 3 40 80 84 11 93 16 77 34 20 86 87 97 18 36 52 93 3 18 65 7 27 17 71 83 46 48 31 82 58 31 21 
78 65 73 40 13 43 53 30 68 57 13 35 18 99 64 65 96 45 67 47 53 0 79 30 72 17 73 93 42 3 38 81 46 74 14 9 75 76 45 85 50 15 25 
22 61 70 35 89 91 17 49 24 49 28 37 50 75 59 37 72 77 88 95 78 17 50 47 43 58 54 99 73 66 86 87 46 85 70 51 8 34 94 82 8 35 45 
8 72 54 36 81 7 15 84 29 31 66 86 8 3 85 61 20 15 25 94 93 32 26 59 29 41 25 90 25 79 36 29 32 26 22 64 75 85 68 3 81 49 60 
98 22 55 84 79 76 7 7 82 73 48 73 17 72 12 64 11 66 26 56 0 77 4 43 82 77 88 21 53 87 91 24 58 88 0 52 42 54 32 36 43 10 38 
41 24 78 18 3 34 49 83 81 72 86 57 1 31 54 55 74 3 75 74 22 33 97 35 33 49 91 66 12 29 64 62 66 61 64 35 38 79 63 12 93 91 48 
74 27 79 98 26 5 16 88 57 31 16 99 94 89 1 71 74 6 68 91 17 37 40 57 10 12 66 2 27 48 24 18 82 59 58 1 12 61 84 59 49 45 71 
77 39 75 89 45 24 68 68 31 97 38 31 62 71 91 90 48 69 49 55 17 62 12 67 23 99 91 76 27 45 13 90 80 0 0 65 86 11 9 76 61 51 92 
8 67 47 41 40 84 79 4 41 77 6 1 15 25 14 69 47 97 10 54 25 18 38 46 9 62 99 20 65 63 16 71 58 75 98 15 68 6 95 26 41 62 21 
64 86 38 81 23 93 41 72 14 51 17 18 33 94 84 6 98 23 59 50 83 17 72 35 17 10 34 35 98 11 31 87 79 92 61 92 32 46 38 54 40 97 76 
7 27 70 25 25 36 94 8 3 53 90 19 83 16 97 16 77 92 68 92 17 47 5 76 19 36 91 73 32 51 23 82 84 3 16 20 83 8 89 66 73 17 11 
79 85 50 87 37 35 77 38 39 98 52 72 51 94 71 71 10 87 89 13 57 7 46 9 87 81 19 29 25 49 46 74 18 98 96 22 59 80 88 0 74 4 6 
14 12 9 18 90 20 11 36 50 73 18 18 47 75 74 93 82 94 12 16 75 4 77 1 62 20 47 6 19 66 84 5 99 56 12 5 25 48 23 41 31 12 95 
43 17 75 87 54 52 63 45 36 41 63 67 39 93 27 18 58 49 6 28 69 99 72 11 55 3 78 31 57 0 64 25 23 35 29 67 97 51 78 7 21 20 29 
15 41 53 40 0 9 36 83 48 70 81 59 62 8 76 77 16 58 1 47 3 33 98 34 68 44 18 30 88 31 0 30 46 82 56 3 8 86 67 65 31 7 38 
57 37 17 76 6 46 21 90 75 35 58 64 46 22 90 2 3 98 3 45 92 12 60 4 89 40 41 75 47 86 86 27 62 68 41 60 49 20 90 6 43 56 4 
27 40 58 30 91 49 55 48 8 29 52 61 13 52 83 99 10 58 84 9 61 22 55 28 23 5 51 68 62 59 34 23 31 13 40 98 49 64 6 39 60 61 22 
38 37 26 45 83 87 38 98 94 27 53 75 95 65 59 6 17 90 8 17 62 23 36 99 52 32 5 87 71 98 81 3 60 38 18 2 38 18 50 51 71 79 84 
42 33 35 59 10 40 6 88 9 5 59 10 55 5 55 70 25 53 12 65 3 81 49 48 58 26 72 55 48 57 19 86 61 91 55 64 90 56 29 49 57 45 83 
19 21 85 55 69 30 23 52 53 93 82 62 40 93 22 56 33 68 96 52 71 9 40 83 23 91 55 81 1 67 29 7 27 41 84 92 77 69 60 81 80 18 70 
85 43 19 84 82 31 48 44 89 71 24 53 71 56 29 71 76 62 54 85 84 89 66 46 49 30 94 45 76 11 49 75 21 79 4 4 58 22 71 5 57 46 43 
53 73 54 18 13 34 40 14 6 65 89 17 55 24 64 89 37 88 34 26 28 92 46 76 14 69 10 46 19 11 24 59 76 91 66 29 98 13 85 43 67 99 13 
37 39 11 36 74 89 85 60 15 37 56 11 99 59 58 18 97 58 20 2 98 99 53 75 80 96 43 58 82 9 72 19 71 38 87 0 93 39 7 78 65 77 85 
58 49 55 17 75 83 5 32 42 82 81 57 70 55 84 26 96 97 55 6 64 94 87 80 2 34 78 51 3 59 97 37 23 90 5 95 68 92 54 19 42 13 38 
45 67 3 93 0 81 33 42 4 31 11 4 41 89 49 47 64 9 54 42 26 82 50 65 19 6 57 43 20 21 33 7 0 58 20 41 21 47 82 69 43 97 1 
