28
26 88 53 20 72 42 59 60 75 56 13 39 18 95 34 33 86 81 55 46 45 12 49 96 78 74 96 37 
17 64 6 11 76 37 40 17 67 67 78 19 77 85 51 23 32 43 7 52 15 80 60 56 75 93 32 77 
87 0 81 16 30 68 9 90 28 27 41 57 82 58 64 83 74 28 4 46 45 59 15 17 44 60 61 22 
31 7 96 9 90 32 95 0 26 41 16 57 26 44 47 34 59 59 19 56 95 7 43 68 35 10 19 27 
85 39 10 44 75 85 32 63 22 79 57 81 87 59 29 63 92 89 96 81 20 47 13 58 60 75 86 33 
61 97 2 66 23 51 39 50 53 36 25 25 24 33 85 39 35 35 51 78 43 14 62 3 60 5 81 88 
12 92 7 37 95 27 0 28 2 38 8 64 28 3 82 77 83 70 77 6 76 32 18 55 54 18 41 23 
78 90 91 42 79 42 39 85 73 33 26 15 45 74 84 6 35 98 27 67 24 66 50 91 4 83 87 57 
99 87 51 61 68 33 12 42 50 1 37 51 79 37 71 63 4 88 4 33 84 2 4 96 75 13 91 69 
21 3 1 78 98 68 98 17 77 67 27 70 81 9 3 97 46 6 3 70 92 8 88 4 74 58 53 32 
74 14 93 96 29 36 16 38 8 56 92 99 92 55 8 30 19 53 15 42 96 37 78 46 33 26 71 82 
21 11 7 91 68 87 1 24 31 71 21 26 36 57 19 0 3 33 47 8 9 79 58 78 90 4 57 95 
14 26 47 33 76 40 81 56 79 19 17 97 78 79 3 82 23 57 35 58 65 14 73 2 10 69 12 50 
80 35 95 51 92 60 74 37 81 5 12 60 27 9 1 43 28 9 58 14 45 89 10 39 46 97 97 4 
3 29 57 68 62 65 76 32 2 36 33 40 99 71 82 42 81 46 7 99 8 72 58 97 25 82 14 30 
54 46 44 64 3 97 68 53 21 22 17 18 29 53 79 59 74 93 29 47 45 31 73 91 41 45 4 40 
71 6 8 63 9 18 32 36 15 86 82 58 95 59 64 50 16 21 62 35 50 44 9 59 74 78 96 81 
13 71 83 3 28 82 88 14 58 61 35 12 42 12 63 2 73 11 35 92 12 46 52 55 83 47 92 14 
45 8 56 84 7 10 15 29 96 62 18 7 3 66 52 62 89 11 67 49 16 22 26 56 77 18 42 35 
21 95 0 79 41 97 81 36 95 63 13 63 62 61 81 7 95 81 84 20 20 35 33 63 98 81 7 1 
38 59 48 43 44 71 28 15 42 76 10 97 73 13 11 97 11 1 11 21 58 90 65 58 54 28 11 33 
40 80 76 8 67 78 82 11 56 31 32 53 90 63 0 56 17 64 83 6 90 65 42 80 21 42 77 49 
23 5 7 77 59 37 61 13 37 43 75 75 85 8 65 2 78 93 15 95 43 49 53 3 8 80 42 86 
82 5 60 53 72 44 30 29 37 86 76 51 11 74 44 52 99 89 2 34 21 21 83 44 47 68 7 83 
72 24 13 39 38 62 64 66 53 16 51 44 88 83 23 39 6 55 69 45 22 26 15 80 96 89 15 66 
97 3 15 91 31 43 25 61 37 85 83 23 17 64 56 93 78 31 49 64 46 86 94 86 54 44 13 21 
34 91 1 33 97 20 12 79 56 38 63 81 95 58 4 21 28 61 27 83 49 62 18 83 34 42 26 71 
72 10 62 29 97 81 75 17 7 43 35 79 48 29 19 8 36 22 44 4 87 72 1 31 35 53 95 8 
