94
12 86 71 33 69 41 12 44 58 94 63 3 2 47 24 28 40 74 25 15 6 59 15 50 64 93 18 6 88 89 17 82 0 36 29 41 23 64 34 36 77 19 43 73 85 41 34 18 93 3 84 45 12 53 28 62 37 12 51 17 49 20 55 3 79 10 49 11 43 14 66 64 76 42 70 21 72 54 5 26 38 23 30 68 12 59 4 8 99 14 93 93 23 21 
19 31 64 41 39 7 43 30 8 21 82 69 4 29 3 15 10 36 88 33 92 22 92 38 1 93 31 56 40 54 27 63 87 27 51 35 14 81 37 97 40 19 64 5 13 88 78 83 83 87 14 56 78 33 26 49 94 41 28 84 87 88 90 31 57 70 90 69 36 2 83 2 67 41 98 2 16 30 5 99 31 47 61 58 44 76 57 17 72 39 91 71 0 51 
26 79 36 53 6 55 19 80 84 57 4 8 51 56 50 76 92 10 26 46 93 45 29 28 48 73 37 64 11 29 41 87 57 62 77 88 18 16 16 37 15 83 80 96 56 67 27 64 99 8 77 86 17 15 7 51 37 25 43 67 77 6 51 69 98 97 14 50 92 66 18 20 34 47 65 24 84 35 67 64 30 38 90 3 98 14 44 58 47 42 66 54 88 50 
85 28 60 58 97 44 88 64 99 13 40 73 49 57 63 8 57 99 89 12 79 31 79 95 76 18 53 19 28 70 25 64 28 43 73 93 14 26 11 65 9 56 16 46 15 99 14 53 7 69 80 48 72 28 60 98 97 38 73 1 47 78 44 6 13 44 7 29 71 15 24 43 73 34 48 46 24 37 1 96 19 30 63 36 48 98 87 15 93 78 42 55 98 88 
60 18 26 79 32 42 18 28 96 68 91 37 43 15 51 0 11 83 2 70 6 0 18 91 25 94 25 66 12 33 98 41 73 50 11 50 11 77 10 65 59 65 66 15 89 72 20 32 69 92 7 97 46 83 77 8 73 10 89 18 59 44 77 84 76 24 78 6 87 69 83 37 16 87 31 55 78 50 51 64 2 85 60 16 1 13 6 52 80 85 9 23 27 4 
17 47 85 29 21 68 22 78 58 77 51 4 63 85 42 75 49 69 55 67 55 22 72 15 91 1 37 29 85 36 23 59 5 79 87 61 25 47 87 17 66 24 21 77 3 1 25 74 8 63 4 6 93 26 19 0 95 8 90 68 56 72 69 39 86 15 86 4 34 95 42 41 91 44 42 86 46 12 11 32 15 17 15 30 97 78 63 76 90 13 91 4 71 25 
0 64 59 13 27 82 28 4 11 39 86 79 21 82 83 0 76 68 47 4 11 51 17 22 10 12 13 63 37 54 42 26 4 45 60 18 10 27 34 46 74 70 69 21 83 63 53 71 24 3 82 64 18 21 99 24 18 28 7 27 63 27 20 28 21 42 93 1 82 63 45 46 43 79 78 87 75 68 45 52 19 24 67 36 88 0 52 49 13 50 40 49 50 25 
35 81 52 12 43 75 32 34 21 94 10 81 61 93 30 32 83 71 57 7 78 49 90 67 44 90 17 80 29 84 74 33 97 43 31 54 81 24 3 79 34 68 11 88 24 87 71 29 42 72 54 61 88 67 32 48 15 38 68 86 20 9 70 46 55 60 39 8 19 67 60 36 19 55 10 1 69 0 43 65 27 71 2 21 44 17 45 9 92 73 48 51 36 87 
50 58 89 98 96 47 42 1 18 91 2 11 79 91 88 77 53 5 39 68 41 4 82 44 97 56 72 51 99 51 18 11 28 12 70 56 50 15 40 50 38 5 85 28 66 10 83 89 50 13 56 44 63 37 18 75 94 71 39 28 71 83 47 57 85 0 51 42 73 22 39 57 80 43 73 46 51 19 16 85 34 13 50 14 33 21 73 43 25 59 17 65 34 30 
60 57 11 29 40 17 70 78 91 92 11 83 81 70 2 62 74 57 75 69 71 70 13 34 54 24 60 56 98 8 26 69 81 54 82 92 61 87 39 79 46 80 87 66 19 10 47 2 5 57 20 37 53 80 92 23 5 86 99 50 53 99 70 71 8 52 61 86 22 14 1 88 90 20 41 32 21 68 62 55 78 24 31 85 13 16 99 65 35 92 13 61 83 49 
77 44 71 53 33 49 82 73 81 65 22 2 21 0 64 19 32 77 20 7 76 33 55 46 64 86 70 91 95 57 40 66 69 61 33 99 9 6 3 32 33 99 87 30 10 84 56 23 47 17 15 9 16 60 2 15 28 94 4 30 44 85 28 82 33 41 62 99 38 13 43 35 10 29 40 37 32 39 72 37 60 59 87 71 71 92 76 14 4 20 45 70 65 47 
2 78 45 9 59 0 4 54 78 86 93 24 45 55 4 60 46 55 60 70 41 73 36 39 63 63 10 64 71 31 98 69 31 80 29 8 98 51 53 17 30 6 76 3 38 84 54 13 32 3 41 18 92 86 0 26 96 26 32 15 44 65 66 41 99 74 89 42 70 16 12 6 5 81 73 98 0 55 93 96 35 59 76 23 0 27 78 73 31 27 52 64 12 95 
53 81 46 63 12 80 88 70 51 16 96 93 50 34 89 45 70 54 74 77 50 78 94 24 71 13 11 62 88 39 33 1 4 82 68 47 20 21 66 98 82 73 7 37 17 34 72 2 96 76 35 40 69 15 49 40 94 0 13 64 30 57 37 81 91 76 24 66 60 82 27 80 30 71 22 9 17 39 18 49 92 72 76 5 67 25 1 88 52 87 1 91 8 58 
7 61 9 83 55 96 8 54 3 71 75 20 52 93 77 12 9 3 73 51 74 42 46 92 30 76 64 13 71 53 69 36 87 38 98 71 1 5 80 69 23 80 0 6 95 29 79 57 84 91 64 80 61 69 68 21 9 75 27 68 15 85 48 53 82 59 87 16 34 90 29 88 73 87 38 94 89 6 18 19 63 59 24 89 12 4 7 67 77 30 60 27 56 51 
79 77 67 81 4 14 33 38 5 2 7 91 24 12 54 43 85 85 34 89 62 1 21 89 85 38 46 93 16 41 16 87 49 23 94 40 72 81 32 29 61 56 21 37 10 16 36 63 98 52 6 57 54 12 66 19 49 23 13 87 63 28 57 34 10 11 8 63 20 84 61 47 21 77 86 37 74 86 49 88 0 55 22 96 67 13 40 50 78 53 96 57 64 42 
87 66 73 78 11 79 67 29 52 36 81 86 45 30 89 2 7 26 51 90 99 62 97 33 95 11 50 97 17 87 59 52 16 81 64 55 37 4 42 98 51 68 85 57 65 5 49 60 43 27 51 86 68 83 37 89 50 76 68 62 68 24 81 63 50 58 98 3 18 9 4 96 80 4 78 69 91 30 98 67 16 4 91 71 56 78 11 11 94 71 7 12 23 1 
2 69 6 1 83 9 16 47 18 31 57 67 86 87 81 20 8 9 57 2 41 47 2 15 22 68 23 79 77 32 76 18 53 23 56 82 39 41 97 90 67 12 36 5 22 2 78 56 25 20 85 76 24 88 11 68 18 64 21 11 85 86 39 78 6 28 76 78 30 20 28 25 28 41 25 26 23 3 6 78 56 62 1 90 60 30 13 23 52 51 48 6 39 48 
10 38 66 46 65 67 44 85 90 13 80 2 50 10 55 32 66 97 71 53 69 52 69 44 51 89 24 49 55 25 83 80 75 45 45 28 84 87 97 45 94 21 24 65 77 1 3 60 1 78 54 22 84 38 23 34 14 53 65 74 12 77 25 6 77 53 86 6 69 93 61 67 52 47 0 69 95 24 36 16 63 84 14 97 84 96 6 61 52 88 96 1 49 59 
57 45 0 23 26 75 80 52 16 87 88 21 87 30 0 85 40 35 93 97 43 70 83 31 51 72 3 54 40 12 86 94 15 61 89 98 56 20 57 43 58 34 82 63 29 79 84 38 49 90 58 90 84 53 18 30 60 75 90 58 98 37 65 57 19 91 79 64 57 86 71 91 95 95 75 50 35 65 46 90 25 12 50 46 9 6 61 65 46 71 18 62 86 78 
44 2 9 54 2 82 5 35 87 13 0 23 70 10 93 57 79 29 38 9 53 15 95 60 79 84 77 20 54 19 86 73 92 9 77 95 67 80 94 20 13 2 51 69 52 47 66 85 3 83 58 66 95 10 46 9 74 31 41 60 66 52 5 55 17 36 19 93 56 17 19 85 53 97 9 1 88 64 63 6 62 97 31 94 85 58 97 99 80 58 47 81 30 35 
37 96 31 61 3 16 59 58 34 6 14 26 66 76 57 74 83 88 68 45 32 78 99 37 93 28 13 62 49 91 51 60 6 24 81 50 97 93 0 94 75 51 18 17 59 13 10 80 19 79 16 29 92 40 23 0 93 50 7 61 32 73 91 29 5 63 60 37 14 71 21 70 47 52 95 70 54 93 96 16 10 51 39 32 97 83 63 54 14 2 29 1 41 51 
89 56 46 69 4 77 20 91 8 86 38 4 1 29 60 3 89 7 97 64 81 18 34 89 58 77 51 61 94 49 78 54 10 73 28 46 5 90 56 16 12 61 83 37 66 35 42 99 68 76 59 62 70 55 27 30 52 26 73 81 7 69 60 17 44 30 11 69 95 4 78 6 74 60 14 34 52 39 34 34 46 29 21 36 1 8 92 14 38 40 51 78 52 82 
24 37 6 33 12 56 41 36 59 6 84 27 25 58 65 60 98 84 13 87 46 36 27 71 36 82 38 44 78 74 12 2 44 81 36 2 39 41 24 52 93 27 56 2 33 62 3 81 68 87 71 45 31 72 52 18 57 22 75 74 86 96 24 83 70 81 55 74 11 62 68 30 45 50 82 80 36 94 14 91 2 61 27 32 0 77 80 36 94 9 66 73 38 36 
37 51 48 38 90 37 73 5 57 61 28 58 44 41 70 51 64 95 70 2 38 88 40 71 79 33 79 55 13 10 62 61 88 80 76 15 53 83 36 35 50 81 64 43 20 63 34 75 27 37 98 17 71 92 51 67 84 25 56 25 19 1 83 49 80 93 45 85 64 11 9 52 44 6 23 66 85 12 45 94 56 46 40 54 86 29 30 43 84 96 21 22 48 25 
81 46 88 95 2 19 48 62 11 4 15 97 79 2 12 72 46 66 83 65 74 46 63 83 9 44 83 51 98 86 61 67 35 29 63 4 73 29 44 20 79 75 79 68 94 64 67 1 90 98 36 26 59 20 47 22 39 9 45 68 39 22 80 87 29 27 14 41 77 12 32 4 4 69 64 33 10 63 8 9 33 78 30 85 63 8 73 25 32 28 25 65 92 69 
71 40 64 90 81 43 69 19 29 15 11 74 65 3 41 83 75 32 5 45 42 82 29 75 13 36 90 16 76 53 13 8 62 75 72 83 51 53 71 11 46 24 60 77 99 2 10 49 66 76 49 9 64 70 35 5 23 69 30 20 43 56 91 34 28 8 84 14 2 59 86 71 55 24 54 8 98 98 12 68 95 95 7 0 8 15 92 44 40 22 34 6 75 78 
0 83 57 46 13 50 92 53 86 0 92 63 61 17 10 51 85 97 53 97 51 83 65 67 12 15 75 71 6 56 91 16 89 32 49 46 74 49 86 39 43 80 58 37 50 65 63 22 96 39 52 92 14 54 73 65 91 67 80 14 22 11 5 92 90 77 84 80 28 46 11 6 96 58 80 37 77 69 68 1 89 87 93 49 92 34 58 85 9 78 44 13 32 24 
50 20 48 0 3 79 10 52 65 44 83 19 66 32 41 11 26 98 3 8 91 55 12 52 17 91 13 20 66 28 63 97 66 31 37 83 97 80 41 1 94 11 27 53 1 13 54 20 1 96 60 2 98 96 79 91 5 87 9 19 58 41 21 95 93 13 54 22 46 63 9 11 31 42 88 24 3 37 14 64 72 27 91 54 71 13 20 10 12 42 32 10 21 97 
26 26 63 30 36 56 39 83 33 99 92 85 14 43 38 0 90 95 5 12 8 39 84 50 63 61 12 99 26 6 57 7 75 17 11 70 37 69 79 37 73 61 45 49 61 74 90 41 28 24 74 97 71 81 43 26 78 67 26 41 68 29 12 73 71 86 34 18 74 66 66 88 94 93 81 32 53 2 97 77 4 45 36 40 72 29 88 86 26 30 34 86 72 95 
26 0 35 24 4 57 4 38 77 21 28 87 53 48 23 90 73 80 45 33 87 71 95 15 61 89 42 36 87 50 11 14 89 52 23 22 1 54 1 82 67 48 6 19 33 79 89 94 66 22 72 99 14 12 68 85 96 21 24 63 11 27 73 13 63 92 46 2 84 11 15 48 68 97 84 9 13 63 60 3 62 62 25 60 54 70 55 25 81 87 40 69 24 62 
6 29 19 53 33 94 34 51 37 95 56 63 27 29 0 3 36 17 23 20 34 81 28 21 88 95 42 50 11 47 95 64 74 76 34 6 91 71 91 79 62 65 79 79 43 62 88 39 9 70 76 82 26 8 81 98 35 58 53 24 48 93 7 60 46 50 82 9 72 29 63 29 20 22 82 48 87 38 71 76 52 9 33 54 3 90 16 59 64 34 61 14 68 55 
14 14 36 9 81 39 30 76 69 23 69 22 57 63 44 59 50 52 23 63 11 80 33 3 12 90 36 80 38 47 71 93 10 74 85 68 46 71 78 56 19 23 99 18 90 64 1 87 68 5 71 66 73 46 45 87 48 10 97 99 9 52 36 63 28 28 97 28 42 43 51 45 11 39 77 74 27 91 87 92 47 54 21 73 51 78 39 90 17 11 56 36 85 9 
35 72 20 0 57 7 40 36 6 35 78 6 47 44 47 95 49 51 37 27 15 73 53 16 62 47 79 33 45 86 46 90 69 46 2 43 59 33 32 81 38 14 3 81 32 83 38 60 12 68 35 60 90 65 20 58 82 48 13 84 85 13 64 66 58 71 81 20 17 97 90 16 68 61 68 70 38 0 93 8 7 79 65 53 87 98 67 66 44 32 60 9 70 50 
80 21 57 65 54 54 77 71 39 94 7 42 95 46 4 1 54 9 91 40 14 78 68 55 18 20 60 94 17 70 65 32 21 61 50 42 85 55 77 20 74 86 1 31 49 78 22 30 32 64 43 42 92 52 15 88 42 37 89 7 13 57 63 60 23 80 43 83 2 95 3 3 35 58 34 21 34 45 80 42 16 64 84 23 89 14 58 46 94 53 48 48 39 53 
10 33 91 47 25 92 76 32 77 4 87 39 27 5 81 71 86 29 8 46 38 38 66 16 31 52 58 40 68 95 18 10 8 79 60 85 71 41 73 91 61 44 96 36 24 25 44 52 72 71 11 46 12 34 82 70 80 79 58 1 78 41 69 8 91 39 66 51 70 38 75 69 45 43 69 10 56 10 89 44 58 57 77 43 6 5 15 56 71 78 79 85 25 14 
61 0 77 56 33 37 29 43 87 57 76 47 83 77 15 28 29 40 28 11 63 90 74 49 15 34 27 93 24 64 86 62 78 12 72 71 94 66 22 28 8 91 45 70 40 0 62 79 60 67 34 92 51 55 77 63 39 65 40 85 97 65 16 9 99 10 86 67 80 99 77 97 40 75 58 80 90 16 61 38 53 20 72 60 75 77 57 7 95 4 29 97 59 41 
20 2 50 33 29 77 23 40 27 65 57 13 62 8 56 65 19 63 17 57 6 60 7 53 54 57 98 26 80 22 33 43 30 63 81 37 51 35 48 56 63 82 12 74 9 74 3 66 77 36 48 93 36 67 98 27 79 97 30 41 48 11 43 0 5 54 1 62 67 88 13 0 34 50 61 24 18 55 21 84 46 67 54 57 74 53 40 58 13 67 81 45 73 89 
57 92 65 53 41 12 72 5 4 84 72 74 19 33 39 26 65 87 91 38 71 75 73 71 81 7 15 87 84 84 2 10 44 63 79 50 79 88 48 61 17 59 84 38 87 92 43 60 19 22 67 19 86 89 47 52 1 82 42 16 26 43 69 69 15 56 63 94 41 0 62 33 31 66 14 78 53 17 42 84 16 50 55 8 40 57 13 65 37 58 21 36 13 67 
85 91 2 28 40 29 64 94 94 55 9 68 19 6 21 20 8 50 47 3 38 42 1 61 16 61 88 20 17 73 55 15 74 62 30 70 10 7 88 85 11 78 6 55 59 22 63 85 37 11 36 88 85 45 21 68 10 53 15 63 29 48 5 7 36 94 82 87 43 48 97 9 35 19 99 97 61 78 98 41 69 14 19 14 28 45 88 90 96 0 48 73 58 26 
23 91 3 54 98 51 56 44 54 94 41 81 62 6 98 78 52 83 28 52 57 29 89 70 33 8 15 26 21 8 60 9 85 7 11 38 26 37 32 83 92 41 45 73 82 59 85 77 23 34 86 64 33 8 15 63 61 84 21 76 41 68 82 6 78 71 28 75 7 31 32 33 71 68 87 26 67 60 91 77 99 68 55 70 75 76 88 86 4 80 44 17 89 74 
76 9 31 12 86 68 44 6 67 1 55 33 55 72 70 73 19 12 82 49 35 87 96 68 56 37 21 91 58 41 20 2 87 54 36 65 78 81 25 29 42 81 72 3 85 32 90 61 14 44 38 99 38 38 39 14 9 50 18 57 93 89 66 68 27 65 5 82 6 75 30 42 60 99 17 42 65 81 83 13 59 19 33 99 97 36 64 39 96 15 53 58 23 41 
71 87 31 45 14 47 47 50 80 13 71 84 55 90 23 11 58 56 79 6 32 26 10 8 99 14 39 93 27 30 14 15 56 0 36 20 42 88 61 64 78 68 51 45 14 7 95 47 37 35 77 13 38 55 2 58 93 29 14 21 0 9 24 2 71 18 41 92 30 73 76 32 80 41 85 60 65 42 54 21 2 42 62 44 90 46 65 15 13 65 52 29 39 60 
7 95 35 30 3 19 6 47 65 87 31 48 8 90 66 54 2 47 29 61 70 55 39 27 96 54 55 50 18 14 2 70 10 48 1 44 61 7 13 68 34 23 66 51 65 39 23 58 76 0 36 43 36 66 70 78 37 76 60 51 63 95 99 87 81 52 71 71 80 9 9 90 40 51 17 64 24 42 21 92 20 97 33 77 44 92 11 63 53 44 15 1 48 42 
87 19 75 20 24 13 87 53 24 8 24 88 53 23 48 13 28 72 18 44 35 26 79 99 9 47 17 78 84 63 96 34 93 18 62 95 4 19 39 83 83 42 40 69 20 50 97 47 59 96 51 21 67 47 25 29 50 73 67 83 67 38 12 86 27 48 89 14 24 20 3 3 46 24 34 67 64 3 69 3 20 37 97 22 75 52 89 84 16 24 45 91 33 2 
23 16 67 18 36 64 55 22 84 41 36 43 8 49 45 54 5 35 9 24 25 26 73 32 40 54 20 94 93 68 93 26 58 18 22 90 31 69 13 70 73 9 27 86 28 59 93 81 79 93 51 56 24 26 97 76 61 36 14 91 21 32 75 3 37 34 0 98 74 82 70 31 87 23 89 60 60 62 66 98 11 82 85 21 16 8 89 24 33 90 13 41 11 75 
67 37 35 30 72 93 37 95 99 50 14 78 95 59 26 61 19 93 76 7 81 91 31 0 67 71 71 16 62 53 13 56 54 84 72 15 52 55 51 78 59 11 69 92 4 42 24 5 9 55 99 34 25 18 83 0 26 98 28 38 61 0 45 83 99 71 85 73 78 69 10 25 10 29 56 35 82 17 48 89 86 72 31 24 70 62 22 35 19 93 35 20 78 29 
85 45 91 74 10 84 7 29 58 56 69 5 76 92 63 45 9 61 84 44 21 28 0 12 6 46 48 23 81 98 77 44 0 49 52 91 38 4 2 13 97 61 86 99 45 7 0 36 34 18 47 30 5 88 87 94 13 11 39 33 77 27 77 45 41 24 68 48 62 92 45 4 28 95 32 70 18 9 1 20 9 63 85 23 5 11 30 82 50 82 80 79 44 5 
39 64 58 40 62 6 77 46 38 13 19 27 36 39 24 68 1 16 25 93 60 86 44 93 98 27 96 66 81 24 98 58 23 42 82 24 87 84 15 69 70 11 38 91 84 18 86 92 26 60 46 95 3 69 16 77 15 50 33 75 16 97 14 12 13 5 37 2 46 39 2 68 45 47 29 67 47 98 65 95 34 52 80 94 27 57 21 56 89 97 24 66 24 98 
64 53 41 91 11 26 99 63 31 72 47 90 52 46 29 24 4 0 18 56 54 80 94 37 52 55 31 21 12 90 97 58 13 46 58 67 59 56 30 87 25 22 39 65 64 20 70 24 76 39 62 45 50 64 2 79 65 44 23 15 91 95 68 70 25 47 49 89 19 93 24 56 57 56 50 78 51 14 23 5 76 3 69 33 47 95 75 64 27 28 83 66 76 46 
0 50 59 36 14 69 94 89 83 53 54 39 16 15 70 63 59 76 97 10 4 86 25 59 43 67 63 71 3 26 43 67 17 29 11 81 89 39 24 42 62 48 70 55 93 83 46 27 27 36 18 34 79 23 24 48 12 21 80 1 21 95 48 68 36 40 30 22 5 36 49 35 82 43 29 92 60 55 45 51 73 26 96 72 34 40 12 49 17 58 26 82 92 17 
30 15 39 98 68 7 31 71 73 53 37 50 4 78 91 57 88 67 15 58 67 36 97 26 61 10 38 22 99 38 83 0 15 56 61 65 4 19 31 67 28 34 62 67 7 76 80 34 80 29 40 96 86 94 35 11 79 32 72 52 68 96 3 93 46 42 91 39 47 8 45 6 62 14 81 51 61 64 12 43 63 60 45 79 97 30 45 56 2 18 82 48 4 46 
23 75 11 65 58 24 96 4 53 60 8 43 51 5 86 37 10 55 67 57 45 36 37 32 79 2 95 20 56 64 80 54 97 18 10 42 39 89 60 89 10 39 8 8 55 55 75 94 20 66 58 30 40 42 6 80 53 32 60 83 39 54 31 6 75 62 3 60 74 94 23 97 61 12 19 10 57 50 20 80 16 64 38 90 2 31 79 50 59 2 50 31 69 67 
3 92 50 55 14 60 65 7 87 25 18 88 89 23 1 94 92 84 51 25 98 14 96 20 49 53 92 52 45 66 36 2 0 73 70 5 4 49 6 47 27 77 33 46 46 23 72 90 59 28 69 42 81 77 84 68 87 71 85 67 29 43 64 0 67 9 71 97 99 47 12 15 61 65 21 50 59 29 53 59 63 69 29 33 81 44 33 93 1 94 78 45 87 15 
35 41 83 32 20 29 96 39 39 38 1 37 35 12 82 53 36 64 89 43 25 24 5 78 68 4 53 31 55 40 97 60 15 32 37 14 94 71 71 44 64 73 52 17 40 68 48 3 50 86 92 14 19 50 84 79 15 64 24 67 99 87 36 65 7 22 33 15 5 58 60 26 98 56 42 28 37 74 6 21 13 85 5 69 28 55 40 76 21 6 53 12 59 54 
1 47 0 67 90 79 73 42 48 66 17 62 22 24 93 71 2 84 75 97 63 78 67 47 88 76 98 82 97 51 31 61 66 93 69 50 24 49 34 72 73 80 53 28 60 35 58 34 14 78 80 69 20 84 58 46 68 16 87 12 39 4 87 76 29 20 42 8 69 51 51 6 52 3 31 18 41 63 93 66 16 22 3 74 56 6 27 57 95 35 63 23 57 67 
42 11 40 55 35 80 22 87 61 94 10 15 58 52 93 50 98 53 14 97 79 75 4 1 71 3 51 5 54 79 35 63 10 35 45 98 9 0 97 35 76 54 33 80 38 37 63 61 85 47 42 54 99 73 99 6 30 67 83 47 32 22 54 38 89 79 46 6 74 82 42 29 68 88 74 40 68 13 44 12 54 50 42 13 36 72 42 3 11 91 91 24 50 74 
50 71 48 87 61 30 89 70 4 30 48 47 90 44 51 94 67 19 68 59 4 87 0 67 17 69 76 3 99 69 91 4 22 41 86 71 40 63 39 69 32 38 54 64 23 62 19 10 29 74 84 39 78 4 30 87 83 32 75 65 79 93 87 95 2 97 93 27 1 16 70 91 9 33 60 5 63 33 56 73 9 89 22 97 70 46 42 44 96 80 45 82 35 92 
27 80 63 48 83 75 55 9 49 92 76 23 46 88 64 14 59 37 32 56 45 57 34 4 89 57 61 25 61 95 75 7 97 43 5 36 41 28 57 3 76 3 33 56 62 55 80 96 51 8 82 30 39 31 57 79 58 71 74 3 97 31 3 98 16 95 27 98 15 5 9 73 84 33 39 92 70 24 14 19 48 74 81 81 34 79 47 5 89 58 42 93 43 14 
44 43 33 69 70 54 45 17 66 44 75 89 94 50 96 46 77 92 55 33 52 15 35 30 15 77 35 61 66 73 16 16 32 92 42 69 37 72 90 94 52 59 7 29 47 56 69 77 71 58 30 71 77 18 98 22 91 48 22 65 9 37 56 33 0 57 90 58 61 40 71 48 43 11 56 82 1 4 60 74 71 78 75 56 44 8 54 77 10 65 32 70 28 3 
39 25 16 93 17 97 33 29 76 9 94 50 33 47 9 99 60 91 92 7 50 86 42 82 49 82 4 93 69 27 82 85 40 5 72 16 79 13 26 33 77 54 39 75 38 14 35 90 88 14 0 86 94 83 43 96 53 1 41 35 27 41 72 52 60 88 37 35 13 32 27 6 65 20 29 71 7 68 74 71 81 77 98 18 90 3 26 6 7 54 9 51 88 84 
85 96 51 26 29 33 74 16 81 54 41 94 48 53 36 48 47 75 35 82 74 75 49 55 56 92 82 21 36 18 39 63 42 53 5 19 37 38 63 1 79 39 22 40 32 6 70 51 29 26 69 96 68 90 84 59 84 22 32 63 26 15 21 19 35 67 85 51 6 3 54 72 58 43 13 70 33 12 52 1 72 64 17 92 40 54 57 71 2 36 43 15 55 99 
9 56 63 62 45 18 78 87 69 17 9 84 37 24 11 94 3 38 66 84 29 88 22 79 11 66 48 41 40 0 67 65 59 65 82 14 7 97 11 31 35 56 21 31 28 14 14 85 97 97 64 76 46 70 10 98 78 29 35 31 47 20 2 45 55 43 33 14 0 94 71 18 25 76 14 4 44 25 38 20 64 38 77 3 36 48 96 90 83 75 38 24 71 19 
24 84 61 22 32 4 99 71 40 37 34 42 83 43 27 76 68 52 67 27 70 56 70 12 92 40 89 74 10 21 42 91 57 61 18 65 2 86 30 35 16 23 98 25 97 75 45 79 10 83 67 14 34 64 38 29 90 59 84 23 58 87 74 57 41 89 5 29 7 9 19 38 85 52 73 98 51 98 36 26 93 32 43 12 43 32 6 72 58 16 37 81 40 40 
8 70 13 95 47 29 88 82 7 4 69 21 32 49 65 3 10 73 65 13 83 32 5 70 75 39 80 70 14 62 24 85 91 13 11 59 79 70 89 15 74 46 38 65 17 14 17 89 28 80 26 42 39 99 97 3 36 23 40 89 89 15 27 26 1 14 84 54 61 44 85 77 99 90 35 33 3 72 80 90 26 64 21 63 0 89 22 43 59 17 82 62 54 95 
48 3 32 33 96 51 1 27 13 48 55 54 27 28 59 16 76 0 24 67 96 9 25 97 85 70 74 92 70 16 59 91 0 39 69 10 20 43 23 2 48 72 43 73 32 70 43 45 77 28 65 75 8 12 2 72 62 68 18 52 85 84 90 71 79 64 28 57 86 9 48 38 27 12 32 83 81 28 82 60 2 26 62 39 54 6 55 38 44 44 43 89 9 89 
34 59 20 5 77 99 76 10 19 26 73 62 13 56 45 97 76 89 96 58 11 75 84 9 97 14 40 52 0 3 99 59 8 98 64 41 75 47 44 32 41 87 19 93 9 77 2 78 58 79 27 0 48 55 52 45 7 1 37 15 47 7 55 83 70 41 42 2 47 88 67 50 56 37 25 20 31 0 67 90 11 60 74 20 5 16 48 73 21 43 71 40 50 71 
18 20 86 15 22 90 73 0 98 81 98 52 49 57 52 71 8 65 51 5 93 94 37 68 58 73 44 99 67 20 94 45 10 23 96 37 90 82 13 43 60 84 70 23 70 34 88 37 85 64 58 49 5 41 1 77 24 6 55 34 81 16 74 0 77 3 10 27 75 38 90 99 48 72 5 46 98 44 22 78 70 98 81 82 69 19 57 42 52 51 74 67 60 42 
36 72 97 8 86 92 8 90 26 65 48 35 46 83 41 23 48 74 87 24 43 44 98 66 77 83 4 9 37 8 53 75 54 33 48 55 55 1 94 46 23 50 42 84 77 96 24 43 16 37 84 49 56 17 72 56 20 0 18 79 37 22 99 11 13 20 4 51 94 78 0 54 37 33 68 80 50 70 95 48 35 32 77 9 49 47 70 15 67 22 9 77 53 8 
7 58 33 27 27 49 9 34 7 14 82 14 61 2 18 72 41 94 32 69 34 17 8 74 49 32 70 27 60 40 97 48 69 16 21 80 91 24 90 30 98 73 37 77 4 3 28 3 47 93 65 30 59 12 64 48 28 43 61 77 45 44 90 51 12 48 47 42 98 76 89 66 27 21 97 70 63 94 56 79 0 0 40 6 36 47 2 39 31 12 24 39 27 55 
91 5 32 88 81 73 43 26 72 1 46 36 47 10 29 67 10 99 9 13 54 37 73 13 32 83 32 23 90 89 50 99 44 53 14 82 52 25 49 78 45 68 72 12 6 59 42 15 19 60 41 58 63 63 39 71 49 46 0 68 80 11 1 52 53 0 93 88 32 18 58 62 87 87 33 95 0 79 26 53 90 98 45 89 30 1 60 7 85 38 10 71 66 9 
26 49 95 45 2 72 68 25 53 60 34 97 24 2 47 41 4 25 56 20 96 36 25 53 69 44 84 67 51 83 48 72 48 38 89 81 93 7 21 72 25 68 7 43 45 97 96 69 70 48 95 75 43 44 18 57 62 27 23 6 38 14 41 66 3 23 91 24 17 85 31 57 20 13 21 48 81 48 67 99 47 22 77 7 17 81 58 32 28 23 9 63 37 50 
79 57 27 10 30 65 63 38 82 79 37 79 28 82 84 87 64 23 59 61 41 95 79 75 17 86 73 93 63 90 84 45 64 68 52 52 96 46 6 42 70 86 0 87 61 83 33 70 34 26 14 16 56 92 64 78 30 23 6 15 95 94 68 57 13 27 18 43 67 64 27 1 94 86 45 76 70 31 45 17 39 23 24 84 40 33 77 2 67 55 64 0 99 28 
64 99 25 38 21 50 63 46 81 31 23 72 8 42 22 55 87 55 93 53 89 95 43 44 94 79 22 11 45 89 50 96 21 95 98 98 57 14 46 46 36 80 73 66 93 26 10 47 4 14 96 46 45 89 21 27 98 12 51 97 95 5 21 69 59 93 30 29 26 66 86 69 66 75 52 74 48 8 59 79 23 48 26 66 40 80 52 86 29 31 28 27 44 93 
47 28 13 85 54 29 40 83 23 74 9 30 80 55 49 58 94 90 21 74 65 7 27 59 54 54 64 90 91 76 86 88 56 24 43 83 73 53 56 95 59 98 33 67 28 65 16 43 11 13 49 81 42 2 84 15 34 79 23 35 14 16 83 98 60 6 91 2 61 85 36 37 68 97 23 43 69 52 65 72 52 67 52 7 69 96 40 10 61 17 37 96 63 32 
37 8 56 62 86 16 32 5 97 3 61 74 10 63 11 25 56 23 31 1 17 93 26 44 91 40 37 11 3 6 34 54 59 37 26 84 78 32 59 54 99 41 74 70 35 73 26 86 33 95 39 95 81 95 88 42 22 56 64 2 56 53 25 36 80 37 69 51 47 69 74 26 7 59 72 93 1 2 77 25 84 89 16 61 16 77 81 98 99 58 26 65 13 45 
26 88 82 21 58 72 88 60 9 15 31 10 66 6 5 30 93 85 70 16 59 58 61 18 3 76 47 87 57 18 97 62 62 8 72 53 51 62 46 29 19 56 64 46 96 98 71 12 66 86 61 45 79 11 60 88 19 48 79 90 95 70 25 80 97 79 97 8 19 70 48 13 9 45 51 89 34 33 90 26 28 68 46 15 0 83 62 94 40 27 5 75 95 52 
32 66 35 94 79 42 62 92 51 2 71 6 74 53 97 62 35 11 31 99 97 86 78 3 51 51 24 72 66 55 77 94 7 10 87 63 41 39 21 31 34 77 41 67 87 42 32 70 81 50 10 95 99 19 26 47 34 16 49 6 83 77 78 77 13 78 43 99 39 12 51 96 62 65 11 0 32 19 3 41 72 41 10 9 6 73 79 82 48 50 12 67 70 66 
29 36 71 80 41 71 41 85 16 11 27 96 12 66 31 12 71 54 30 42 23 32 39 61 29 65 92 27 56 19 33 53 22 80 68 82 5 2 15 77 72 83 24 61 49 72 62 10 55 42 36 82 9 4 75 34 65 80 55 8 75 92 23 23 2 77 5 37 89 20 9 60 32 6 61 35 62 26 31 32 95 88 69 30 27 13 28 61 10 14 48 29 83 35 
23 58 76 42 46 85 55 17 95 39 63 17 35 16 39 72 4 67 96 94 98 24 90 23 4 64 56 4 12 58 65 61 51 29 20 1 98 86 49 53 49 37 29 35 62 94 95 10 47 70 64 58 50 85 78 98 69 58 95 66 22 31 65 25 25 33 98 95 82 32 84 69 59 54 63 98 45 10 15 96 27 17 93 96 82 52 83 27 89 0 0 7 3 96 
67 67 67 21 67 23 97 27 79 99 41 43 59 90 76 93 11 31 11 49 34 37 1 39 73 61 10 68 94 68 98 88 94 95 52 10 9 27 87 47 13 37 63 91 28 29 73 77 31 21 41 6 52 21 25 93 51 28 90 98 77 1 80 65 95 5 60 62 91 39 57 24 9 54 65 95 7 57 21 63 99 52 48 74 30 92 26 66 30 52 4 45 98 9 
9 69 74 62 10 88 50 61 35 65 16 62 27 10 30 26 34 39 6 3 36 23 64 65 1 17 70 37 47 33 59 49 3 2 99 60 56 37 16 27 32 28 58 49 53 16 12 30 52 60 57 86 16 89 94 9 94 7 83 75 85 43 99 29 65 26 26 57 17 16 0 45 9 47 14 0 39 6 85 18 2 40 52 86 62 11 85 47 96 21 24 10 17 2 
35 16 21 82 94 12 49 66 22 61 81 11 46 69 10 64 97 13 25 38 59 17 57 61 32 12 23 93 23 79 63 78 29 99 76 30 68 21 80 38 11 97 77 92 32 66 32 60 29 65 33 57 53 77 5 20 75 32 4 8 14 89 10 44 95 66 45 46 28 96 70 92 34 49 49 23 1 42 70 52 8 59 96 15 88 21 58 15 95 87 27 98 58 52 
72 63 96 16 44 70 6 41 83 1 51 59 19 77 49 17 97 60 31 95 65 50 98 37 40 82 47 92 91 31 14 52 12 72 93 50 58 26 37 33 43 60 66 72 98 49 19 75 47 7 64 40 14 39 44 77 31 50 91 55 33 71 96 41 82 22 44 4 7 65 86 19 94 22 20 91 68 38 40 1 37 25 33 95 71 46 93 17 19 2 67 66 56 54 
74 88 86 18 48 33 58 81 1 14 44 74 4 98 53 84 64 29 24 79 33 75 29 84 43 97 92 55 0 83 13 23 29 67 80 19 25 26 20 37 50 28 25 84 10 90 6 91 67 81 22 0 41 22 80 83 76 38 62 8 49 43 67 28 41 32 72 37 72 42 96 16 61 8 73 61 59 83 67 22 53 23 69 4 0 14 27 19 1 19 17 30 2 33 
55 87 77 26 6 49 24 78 63 95 69 11 72 68 98 52 99 82 69 9 99 56 94 15 50 46 46 48 66 52 67 98 4 18 74 45 26 86 9 30 96 35 55 27 86 98 79 18 42 56 69 43 10 8 11 34 58 95 62 61 3 42 77 78 31 75 60 25 4 28 8 66 48 34 35 62 92 18 82 20 54 90 39 23 33 59 76 91 71 53 2 14 21 97 
75 48 71 3 23 38 76 40 39 49 11 73 9 43 44 4 36 16 8 41 79 10 63 29 31 17 88 42 46 39 92 16 2 5 5 10 67 57 42 70 80 16 60 48 48 94 11 61 48 75 78 53 95 37 34 94 11 74 18 60 54 73 97 43 4 13 9 40 35 29 43 1 87 26 15 99 97 87 21 84 94 16 32 14 81 71 41 51 61 19 12 21 66 54 
14 19 19 39 54 25 41 69 29 53 6 40 77 97 0 54 95 42 91 61 21 32 78 23 75 72 47 67 7 63 33 40 76 36 46 96 80 29 75 27 73 46 47 78 6 56 61 95 79 58 94 55 18 91 30 84 2 11 4 48 22 47 45 22 28 28 74 20 12 44 33 2 63 9 33 67 45 55 80 15 18 69 87 89 98 79 93 75 1 7 88 7 46 41 
76 88 28 22 33 22 14 97 61 79 92 2 21 56 98 89 96 28 45 74 30 97 34 51 14 41 40 93 20 35 54 73 50 82 42 75 49 63 69 22 13 40 30 28 45 29 26 91 30 4 18 65 52 48 70 13 39 63 67 55 39 61 59 31 61 73 4 21 86 95 13 1 42 27 46 71 75 78 57 66 86 46 67 2 60 73 53 19 18 39 1 21 73 29 
81 83 3 23 79 55 22 45 84 8 44 27 61 15 15 74 30 96 88 83 30 55 42 30 23 22 71 23 20 85 62 10 7 92 21 90 40 22 83 54 23 81 31 67 89 33 43 57 78 26 24 93 21 97 70 44 85 74 8 2 51 14 47 33 73 0 75 53 34 97 88 6 9 37 18 86 72 73 69 73 8 48 49 45 19 30 77 14 39 68 55 36 14 21 
11 18 40 1 1 84 40 21 78 12 67 84 39 49 4 98 60 60 29 82 20 56 27 93 2 13 56 94 33 94 69 20 30 96 28 57 66 95 0 33 83 97 32 42 60 57 91 84 85 58 4 0 49 21 99 7 74 73 0 41 58 46 16 91 53 88 48 58 44 75 33 42 85 32 33 99 90 47 3 72 46 5 18 37 43 76 42 51 31 9 64 52 26 66 
35 97 98 2 52 77 45 98 42 54 76 14 25 7 84 61 18 65 13 7 67 23 0 57 79 30 43 78 24 65 25 8 46 50 20 53 29 38 77 86 41 0 34 99 42 6 36 41 38 47 54 92 5 17 10 20 48 83 89 76 79 83 82 34 58 55 72 94 59 25 42 42 77 5 81 75 4 3 76 38 81 31 3 50 27 78 90 34 8 50 94 26 54 69 
94 35 17 55 28 21 69 30 74 6 70 3 28 61 4 76 89 16 14 40 90 39 91 55 44 33 71 64 9 37 80 9 37 16 72 18 31 93 92 9 62 26 3 62 20 66 18 27 66 48 72 15 10 87 41 81 47 75 0 92 6 25 6 57 50 23 31 57 81 75 91 14 66 34 34 89 15 29 17 57 9 56 77 51 35 72 62 6 49 75 93 90 65 49 
67 66 19 74 62 3 98 43 83 52 6 15 50 52 3 99 13 55 0 86 28 12 82 20 90 87 68 49 9 71 19 98 96 21 70 63 62 9 75 4 51 77 18 67 87 88 28 56 91 43 16 25 57 31 78 99 0 56 37 45 48 67 55 0 40 68 56 76 17 98 23 55 48 23 57 84 1 56 24 40 11 2 33 1 87 80 7 34 97 45 51 43 18 33 
65 90 16 20 32 4 20 71 83 76 18 60 80 29 16 52 81 86 24 84 63 42 28 69 26 17 0 54 72 8 55 81 5 89 27 13 96 19 32 63 41 26 40 86 79 42 52 57 10 35 51 13 61 48 3 45 9 16 53 6 10 91 39 87 92 45 18 30 62 90 3 50 67 86 82 50 33 71 41 90 35 78 11 84 48 79 28 29 59 10 58 7 86 27 
